82535 82913 82535 82754 82913 82754 82552 82754 
82754 82535 82535 82969 82750 82624 83463 82564 
82537 82765 82550 82537 82579 82863 82597 82789 
82577 82538 82535 82538 82538 82789 82722 82729 
82696 83106 82539 83079 82545 82535 82613 82611 
82642 82726 82827 82972 82897 82611 82674 82575 
82907 82611 82535 82654 82555 82703 82653 82863 
82537 82969 82542 83015 82948 82578 82648 82613 
83181 82543 82535 82543 82535 82584 82535 82535 
82535 82535 82882 82535 82608 82578 82607 82544 
82672 82562 82882 82545 82545 82817 82535 82535 
82546 82535 82881 82535 82645 82778 82550 82800 
82941 82955 83041 82535 82939 82535 82734 82766 
82548 82624 82634 82548 82632 82535 82548 82705 
82683 82675 82549 82581 82822 82633 83125 82716 
82550 82675 83267 82550 82550 83477 82550 82535 
82674 82732 82550 82809 82940 82535 82673 82535 
82554 82552 82672 82553 82553 82535 82535 82549 
82803 82632 82552 82803 82758 82553 82552 82672 
82666 82552 82549 82552 82633 82554 82570 82576 
82699 82915 82916 82882 82555 82675 82778 82537 
82556 82535 82709 82558 82556 83047 82708 82535 
82642 82710 82557 82552 82588 82552 82707 82557 
82535 82608 82558 82672 82535 82633 82600 82654 
83152 82843 82806 82919 82864 82786 82597 82680 
82552 82932 82704 82535 82672 82535 82535 82549 
82749 82535 82561 82535 82553 82552 82571 82864 
83012 82590 82644 82535 82588 82552 82710 82666 
82647 82742 82812 82673 82563 82563 82573 82535 
82565 82535 82864 82864 82535 82535 82565 82882 
82704 82672 82672 82565 82577 82545 82549 82554 
82632 82853 82566 82758 82566 82535 82766 83050 
82535 82567 82550 82892 82550 82764 82567 82793 
82608 82896 82539 82895 82535 82559 82568 82975 
82569 82548 82572 82535 82569 82798 82549 82535 
82546 82557 82535 83090 82715 82837 82574 82570 
82892 82553 82535 82863 82571 82557 82535 82652 
82944 82975 82564 82600 82535 82634 82549 82600 
82718 82657 82578 82626 82588 83050 82553 82873 
83099 82535 83458 82953 82574 82535 82535 82626 
82710 82564 82735 82894 82588 82686 82622 82575 
83063 82535 82535 82602 82550 82672 82558 82619 
82577 82801 82577 82577 82577 82646 82631 82577 
82791 83065 82561 82798 82657 82578 82549 82798 
82810 82535 82789 82579 82579 82613 82539 82593 
82562 82626 82951 82553 83156 82709 83174 82733 
82549 82535 82657 82577 82711 82706 82979 82890 
82535 82535 82578 82535 82548 82545 82713 82583 
82740 82791 82847 82791 82583 82566 82689 82791 
82537 82540 82588 82550 82588 82627 82804 82579 
82581 82697 82551 83015 82667 83045 82597 82727 
82704 82584 82552 82584 82553 82588 82608 82560 
82535 82666 83068 82711 82535 82602 82559 82584 
82553 82535 82545 82556 82764 82709 82535 82535 
82554 82657 82672 82589 82604 82612 82624 83041 
82712 82817 82590 82590 82768 82890 82655 82535 
82646 82891 82817 82927 82930 82593 82733 82787 
82975 82707 82592 82592 82976 82852 82624 82581 
82535 82535 82535 82795 82535 82674 82753 82550 
82537 82541 82538 82540 82536 82535 82540 82537 
82595 83093 83795 83095 83795 82535 83096 82595 
82635 82595 82672 82595 83095 82596 82535 82595 
82863 82624 82535 82551 82798 82597 83284 82556 
82712 82848 82610 82702 82597 82535 82654 82535 
82664 82778 82801 82599 82791 82599 82535 82833 
82656 82535 82564 82764 82647 82657 82743 82817 
82535 82673 82545 82711 83066 82600 83058 82601 
82588 82626 82577 82554 82798 82557 82647 82602 
82545 82846 82603 82657 82547 82762 82625 82701 
82535 82719 82685 82604 82604 82535 82558 82585 
82581 82740 82708 82577 82535 82535 82689 82562 
82546 82786 82633 82535 82633 82606 82545 82552 
82538 83234 82607 82542 82607 82601 82562 83448 
82545 82771 82666 82535 82535 82535 82610 82608 
82540 82541 82538 82541 82536 82540 82542 82537 
82758 82536 82809 82714 82610 82952 82541 82749 
82760 82986 82577 82611 82550 82535 82893 83030 
82612 82652 82943 82556 82612 82765 82612 82936 
82535 82613 82535 82535 82535 82613 82613 82535 
82536 82538 82535 82535 82535 82542 82535 82542 
82541 82538 82535 82538 82536 82536 82541 82541 
82539 82538 82540 82539 82541 82542 82537 82541 
82535 82537 82538 82536 82535 82536 82541 82539 
83275 82535 82535 82557 82873 83093 83093 82535 
82569 82672 82922 82611 82651 82939 82578 82619 
82835 82593 82771 82620 82593 82593 82550 82535 
82717 82738 82567 83011 82622 82683 82567 82535 
82535 82622 82762 83108 82762 83108 82535 83108 
82878 82710 82701 82856 82673 82682 82980 82642 
82771 82583 82795 82633 82633 82535 82535 82758 
82549 82625 82535 82535 82625 82625 82579 82753 
82588 82663 82683 83045 83231 82545 82535 82535 
82764 82627 82811 82535 82562 82535 83460 82779 
82627 82755 82719 82719 82535 82561 82619 82814 
82764 82722 82710 82629 82535 82679 82535 82903 
82629 82630 82535 82797 82585 82714 82799 82686 
82667 82826 82787 82535 82810 82791 82537 82548 
82581 82554 82535 82632 82535 82791 82535 82548 
82633 82644 82633 82535 82633 82540 82535 82552 
82535 82634 82566 83066 82634 83175 82634 82584 
82535 82539 83191 82845 82725 82539 82647 82689 
82539 83157 82636 82723 82788 82636 82758 82539 
82535 82541 82540 82538 82539 82541 82540 82536 
83461 82535 82717 82638 82675 82777 82630 82762 
82535 82535 82687 82719 82552 82696 82639 82893 
82535 82684 82640 82719 82561 82640 82592 82970 
82852 82807 82760 82741 82641 82918 83050 82923 
82642 82535 82675 82755 82579 82692 82797 82825 
82727 82664 82545 82558 82784 82550 82552 82775 
82644 82657 82759 82538 82644 82882 82552 82644 
82702 82575 82794 82645 82738 82647 82645 82535 
82964 82571 82848 82718 82634 82645 82646 82646 
83063 82632 82838 82888 82739 82647 82731 82731 
82542 82539 82539 82535 82539 82535 82545 82603 
82810 82649 82550 82861 82605 82545 82881 82666 
82552 82650 82650 82588 82545 82658 82817 82605 
82754 83016 82651 82651 82754 82539 83106 82535 
82541 82673 82560 82652 82972 82550 82654 82652 
82797 82604 82673 82541 82817 82813 82620 82572 
82535 83234 82535 82654 82535 82553 82700 82712 
82543 82707 82546 82655 82599 82558 82543 82545 
82556 82766 82693 82894 82656 82735 82554 82656 
82657 82551 82764 82657 82597 82969 82870 82648 
82684 82798 82549 82701 83024 82535 82863 82658 
82791 82611 82708 82654 82702 82625 82701 82791 
82655 82549 82655 82647 82535 82654 82558 82701 
82661 82666 82675 82770 82877 82845 82661 82656 
82717 83301 82688 82566 82638 82535 82842 82749 
82755 82683 82663 82549 82535 82672 82535 82549 
82608 82942 82540 82664 83063 82822 83018 82551 
82633 82577 82665 82673 82684 82677 82559 82780 
82586 82552 82545 82758 82632 82535 82666 82671 
82710 82538 82775 82688 82535 82710 82667 82654 
82535 82535 82535 82535 82535 82668 82535 82669 
82535 82535 82676 82668 82669 82669 82669 82535 
82602 82670 82545 82620 82535 82535 82545 82720 
82633 82550 82654 82683 82672 82535 82666 82666 
82552 82565 82683 82535 82672 82545 82535 82552 
82657 82603 82913 82673 82638 82537 82728 82644 
82727 82579 82578 82902 82581 82729 82535 82704 
82682 82535 82675 82538 82630 82535 82764 82535 
82535 82535 82627 82804 82566 82813 82839 82627 
82677 82677 82580 82538 82583 82633 82801 82535 
82699 82555 82590 82604 82938 82604 83112 82840 
82552 82655 82804 82541 82558 82535 82930 82552 
82535 82817 82712 82545 82712 83052 83065 82666 
82675 82801 82732 82581 82592 82613 82791 82732 
82812 82762 82674 82689 82682 82999 82822 82672 
82587 82683 82556 82554 82633 82549 82549 83181 
82684 82892 82535 82797 82543 82797 82893 83002 
82933 82640 82535 82620 82799 82873 82674 82705 
82685 82952 82549 82727 82686 82552 82628 82597 
82687 82758 82551 82624 82753 82687 82566 82721 
82549 82720 82619 82688 82657 82535 82795 82535 
82535 82550 82535 83145 82577 82577 83088 82674 
82535 82535 82845 82674 82771 83154 82535 82832 
82672 82681 82550 82710 82848 82691 82613 83156 
82561 82592 82538 82692 82692 82535 82539 82535 
82605 82585 82537 82790 82693 82919 82535 82622 
82694 82781 82715 82713 82694 82654 82542 82561 
82695 82552 82813 82661 82764 82564 82563 82599 
82573 82556 82784 82566 82566 82626 82626 82804 
82535 82841 82535 82753 82697 82738 82699 82798 
83151 82874 82535 82742 82878 82742 82622 82742 
82781 82656 82737 83050 82897 83220 82699 82798 
82537 82552 82646 82906 82564 82600 82535 82644 
82743 82550 82546 82701 82658 82857 82600 82535 
82803 82702 82561 82654 82701 82546 82892 82558 
82545 82608 82906 82535 82975 82535 82881 82541 
82535 82570 82619 82704 82704 83009 82584 82535 
82638 82729 82693 82891 82535 82895 82535 82675 
82679 82767 82767 82672 82732 82908 83098 82552 
82535 83055 82969 82851 82707 82765 82814 82535 
82980 82752 82675 82535 82535 82546 82708 82908 
83174 82545 82552 82701 82659 82814 82765 83088 
82888 82701 82728 83052 82959 82535 82535 82562 
82545 83026 82711 82535 82973 82549 82535 82764 
82666 82565 82564 82535 82672 82672 82549 82553 
82969 82657 82535 83065 82969 82969 82648 82666 
82566 82714 82895 82535 82728 82728 82535 82566 
82613 82728 82685 82898 82931 82838 82634 82758 
82892 82610 82753 82716 82922 82716 82625 82681 
82566 82545 82731 82686 82828 82635 82620 82717 
82753 82692 82718 82952 82707 82648 82537 82822 
83078 82613 82681 82920 82685 82708 82956 82561 
82549 82546 82720 82720 82837 82993 82599 82922 
82697 82764 83060 82721 82697 82823 82721 82830 
82726 82817 82553 82601 82535 82687 82550 82642 
82535 82535 82723 83053 82723 82719 82723 82591 
82724 82581 82724 82724 82724 82535 82725 82763 
82725 82725 82724 82736 82535 82725 82723 82761 
82535 82549 82812 82550 82726 82755 82933 82561 
82872 82551 82804 82812 83023 82670 82737 82727 
82566 82737 82599 82652 82897 82604 82728 82821 
82729 83020 82740 82550 82759 83127 82579 82729 
82653 82585 83078 82679 83006 82940 82716 82574 
82731 82792 82584 82586 82742 82729 82969 82732 
82777 82918 82899 82664 82673 82611 82737 82820 
82535 82654 82854 82733 82642 82535 82838 82730 
82728 82734 82730 82820 82734 82919 82685 82726 
82735 82583 82680 82535 82651 82576 82581 82735 
82728 82727 82629 82732 82551 82838 82620 82797 
82685 82653 82685 82873 82822 82908 82535 82873 
82657 82738 82659 82550 82774 82882 82693 82878 
82655 82553 83063 83063 82701 82578 82644 82752 
82542 82927 82883 82789 82592 82740 82541 82686 
82535 82581 82535 82546 82766 82695 82658 82644 
83066 82742 82535 82716 82980 82584 82892 82798 
82535 82784 82535 82654 82564 82648 82600 82564 
82765 82535 83009 82892 82969 82743 82597 82535 
82574 82724 82753 82735 82737 82575 82728 82732 
82712 82620 82751 82737 82685 82744 82574 82575 
82742 82743 82728 82738 82663 82738 82740 82714 
82729 82653 82564 82574 82584 82752 82735 82749 
82902 82902 82535 82535 82535 83488 82749 82749 
82969 82537 82806 82890 82674 82550 82610 82652 
82817 82571 82565 82681 82832 82672 82751 82550 
82752 82573 82624 82561 82700 82654 82647 82647 
83027 82753 82920 82925 82624 82535 82613 82661 
82535 82537 82774 82535 82754 82754 82535 82750 
83107 83128 82937 82797 82732 82604 82987 82797 
83106 82682 82749 82756 82784 82535 82756 82883 
83699 82647 82675 82603 82573 82549 82827 82654 
82730 82758 82625 82535 82758 82826 82535 82946 
82897 82731 82630 82949 82629 82535 82675 82792 
82760 82780 82535 82753 82539 82535 82760 82758 
82761 82535 82539 82916 82761 82535 83157 82761 
82642 82705 82823 82535 82867 82661 82686 82762 
82763 82789 82545 82545 82763 82535 82535 82789 
82852 82535 82764 82583 82906 82839 83007 82538 
82749 82535 82756 82969 82765 82545 82535 82969 
82535 82625 82766 82656 82791 82764 82535 82766 
82548 82535 82584 82704 82561 82581 82656 82581 
82535 82535 82535 82553 82768 82633 82768 82535 
82906 82749 83123 82769 83462 83011 82749 82640 
82578 82556 82535 82588 82626 82907 82803 82648 
82902 82535 82535 82576 82821 82771 82721 82535 
82550 82545 82625 82626 82818 82707 82749 82965 
82773 82543 82535 82535 83123 82535 83050 83050 
82774 83104 82902 82651 82625 82806 82559 82535 
82552 82550 82801 82801 82666 82586 82545 82775 
82760 82572 82685 82881 82654 82535 82535 82764 
83023 82646 82845 82977 83152 82654 83104 82535 
82564 82553 82756 82839 82535 82535 82579 82778 
82683 82813 82762 82580 82550 82696 82762 82622 
82549 83052 82538 82719 82565 82868 82895 82539 
82781 82968 82781 82677 82622 82726 82827 82781 
83152 82753 82591 82945 83138 82652 82537 82667 
82683 82783 82896 82706 82549 82719 82787 82552 
82553 82784 82780 82672 82692 82550 82535 82899 
82779 82992 83016 83041 82646 82778 82926 82676 
83022 82600 82674 82786 82774 82786 82535 82786 
82535 82545 82694 82551 82550 82692 83066 82720 
82831 82676 82788 82842 82548 82624 82964 82780 
82624 82762 82707 82764 82789 82872 82753 82753 
82790 82585 82790 82728 82696 82926 82535 82575 
82535 83179 82791 82535 82535 82672 82791 82583 
82792 82592 83050 82698 82603 82777 82907 82535 
82780 82794 82878 82549 82962 82793 82969 82552 
82751 82765 83062 82672 82939 82535 82624 82535 
83086 82535 82537 82795 83057 82535 82765 82592 
83106 83209 82804 82535 82535 82535 82535 82535 
82726 82799 82764 82797 82797 82918 82731 82880 
82535 82798 82804 82677 82837 82677 82795 82826 
82797 82599 82714 82538 82597 82938 82750 82552 
82718 82800 82800 82784 82624 83018 82906 82638 
82535 82581 82535 82672 82535 82537 83149 82588 
82577 82701 82642 82581 82736 82561 82632 82588 
82654 82692 82706 82555 82663 82701 82655 82585 
82676 82535 82796 82535 82804 82535 82804 82988 
82672 82646 82544 82565 82545 82902 82535 82556 
82577 82683 82557 82552 82584 82562 82806 82827 
82535 82758 82694 82721 82762 82731 82863 82648 
82758 82814 82873 82888 82964 82685 82799 82543 
82903 82765 82935 82535 82822 82799 82545 82965 
82707 82657 82545 82583 82535 82622 82666 82683 
82811 82855 82558 82943 82854 82550 82693 82546 
82692 82682 82604 82593 82812 82692 82692 82818 
82624 82797 82813 82833 82535 82535 82685 82717 
82826 82814 83090 82843 82535 82803 82898 82535 
82825 82901 82550 82842 82535 82946 82956 82766 
83078 82538 82701 82810 82896 82570 82538 82538 
83050 82537 82552 82576 82817 82552 82535 82683 
82710 82612 82818 82592 82732 82619 82975 82777 
82857 82535 82731 82535 82625 82819 82814 82896 
82897 82726 82952 82923 82732 82559 82820 82820 
82821 82546 83112 82937 82821 82535 82756 82728 
82706 82852 82826 82673 82538 82727 82827 82799 
82535 82550 82556 82560 82774 82882 82568 82780 
82583 82653 82638 82868 82625 82934 82759 82640 
82535 82766 83123 82561 82825 82651 82671 82584 
82592 82826 82826 82762 82826 82736 82535 82535 
82553 82731 82535 82827 82586 82538 82545 82827 
82552 82587 82923 82560 82683 82592 82876 82828 
82716 82585 82610 83152 83311 82535 82829 82829 
82626 82696 82853 82693 82754 82830 82734 82920 
82860 82539 82553 82625 82538 82687 82831 82831 
82716 82835 82722 82832 82983 82722 82943 82983 
82538 82743 82550 83156 82535 82833 82597 82980 
82735 82624 82834 82537 82858 82624 82826 82859 
82543 82779 82778 82835 82545 82835 82549 82611 
82652 83377 83049 82789 83076 83361 83082 83581 
82837 82984 82915 82657 82864 82692 82909 82961 
82939 82704 82554 82838 82765 82693 82546 82728 
82778 82622 82839 82839 82848 82646 82657 82848 
82654 82588 83023 82840 82545 82882 82654 82672 
82841 82738 82697 82841 82677 82550 82677 82841 
82774 82654 82693 82535 82683 82662 82654 82591 
82585 82674 82754 82766 82717 82551 82638 82552 
82844 83065 83066 82848 82619 82778 82578 82844 
82610 82765 83149 82728 83372 82535 82581 82845 
82749 82620 83076 82829 82923 82899 82779 82734 
82535 82686 82847 82588 82563 82753 82847 82549 
82645 82578 82538 82591 83174 82778 82742 82624 
82849 82693 82588 82849 82535 83068 82642 82566 
82722 82629 83002 82543 82850 82712 82535 82593 
82619 82685 82956 82868 82641 82793 82685 82717 
83066 82561 82852 82930 82809 82675 82561 82561 
82861 82603 82678 82603 82603 82716 82896 82701 
82857 82733 82857 82854 82627 82549 82959 83029 
82624 83395 82842 82535 82855 83395 82855 82820 
82901 82642 82902 82585 82535 82859 82648 82993 
82535 82686 82857 82729 82667 82989 82535 82537 
82545 82553 82873 82714 82939 83148 82692 82714 
83488 82859 82859 82859 82585 82749 82535 82535 
82735 82597 82847 82812 82791 83197 82758 82822 
82654 82861 82567 82650 82535 82592 82550 82597 
82622 82738 82643 82849 82862 82720 82535 82837 
82794 82892 82658 82578 82794 83025 82818 82552 
82864 82553 82864 82864 82657 82894 82535 82894 
82580 82535 82993 82624 82673 82865 82535 82894 
82833 82622 82959 82894 82599 82866 82550 82692 
82547 83050 82990 82579 82726 82535 82781 82879 
82821 82895 83022 82620 82868 82731 82561 82898 
83090 82577 83144 82903 82975 83144 82631 82579 
82578 82546 83049 82535 82574 82546 82535 82577 
82535 82871 82590 82546 82753 82561 82693 82625 
82550 82718 82872 82537 82952 82677 82620 83023 
82550 82597 82830 82535 82791 82552 82813 82686 
82663 82874 82930 82890 82535 82874 82755 82624 
82553 82608 82858 82638 82875 82938 82826 83243 
82551 82959 83068 82653 82535 82876 82719 83090 
82535 82768 82561 82570 82545 82877 82553 82535 
82593 82550 82537 82878 82878 82878 82535 83181 
82780 82879 82879 82608 82535 82992 82537 82822 
82580 82779 82957 82774 83112 82775 83112 82588 
82881 82975 82633 82881 82553 82553 82535 82535 
82817 82556 82535 82600 82558 82535 82882 82817 
82538 82765 82795 82817 82538 82932 82535 82696 
82733 82588 82795 82814 82827 82580 82558 82806 
83099 82674 82716 82913 82937 82696 82971 82840 
82886 82564 82538 82972 82886 82959 82886 82865 
82887 82551 82604 82732 82535 83152 82733 82593 
82563 82575 82667 82701 82888 82701 82535 82848 
82631 82652 82665 82653 82856 83001 82706 83056 
82553 82749 82749 82561 82968 82749 82639 82535 
82946 82535 82560 82969 82664 82678 82552 82667 
82544 82554 83026 82535 82892 82892 82556 82556 
82772 82551 82898 82714 82821 82726 82731 82642 
82535 82579 82580 82894 82603 82652 82764 82894 
82537 82759 82591 82728 82797 82535 82740 82553 
82816 83090 82893 82819 82925 82545 82545 82946 
82625 82740 82897 82732 82740 82897 82540 82726 
82732 82699 82899 82851 82878 82674 82674 82630 
82535 82630 82949 82642 82821 82899 82929 82678 
82873 82705 82927 82928 82730 82762 82926 82551 
82901 82535 82604 82777 82928 82535 82535 82777 
83104 82902 83106 82774 83106 82651 82749 82672 
82678 82771 82864 82662 82998 82625 82688 82535 
82816 82942 82946 82939 82670 82591 82816 82696 
82685 82662 83113 82905 82830 82555 82664 82544 
83011 82969 82906 82749 82862 82814 82684 82906 
82698 82549 82766 82907 82973 82698 82863 83010 
82585 82630 82733 82908 82737 82686 82584 82897 
82734 82682 82909 83002 82657 82557 82545 82546 
82550 82993 82694 82925 82762 82821 82567 83133 
82768 82892 82605 82656 82581 82911 82758 82892 
82567 82605 82545 82766 82912 82644 82912 82731 
82535 82657 82749 82535 82723 82913 82535 82675 
82914 82868 82727 82690 82539 82923 82603 82914 
82655 82964 82841 82535 82574 82535 82561 82915 
82569 82718 82535 82721 82535 82620 82540 82916 
82680 82535 82670 82546 82917 82702 82917 83025 
82535 82574 82535 82706 82544 82815 82740 82653 
82624 82838 82535 82749 82632 82919 82817 82923 
82740 82535 82838 82920 82726 82920 82714 82838 
82921 82799 82608 82797 82933 82535 82535 82554 
82556 82619 82827 82922 82712 82540 82682 82672 
82644 82684 82923 82730 82624 82608 82652 82584 
82818 82705 82535 82924 82894 82535 82970 82535 
82719 82820 82820 82887 82537 82804 82852 82925 
82693 82535 82779 83104 82535 82540 82880 82754 
82927 82719 82756 82649 82931 82557 82535 82651 
82931 82954 82685 82535 82937 82588 83009 82924 
82731 82558 82824 82549 82878 83050 82729 82643 
82930 82551 82873 82738 82548 82873 82827 82817 
82603 82891 82936 82543 82717 82630 83046 83002 
83180 82630 82821 82923 82830 82715 82846 82696 
82625 82759 82535 82933 82801 82797 82545 82900 
82956 82817 82814 82891 82709 82898 82829 82642 
82774 82937 82935 82675 82661 83050 82936 82934 
82827 82934 82564 82880 82873 82883 82956 82536 
82731 82626 82567 82538 82566 82674 82722 82624 
82657 82696 82716 82930 82958 82913 82938 82830 
82624 83051 82906 82845 82952 82939 82872 82566 
82831 82940 82674 82850 82549 82881 82931 82913 
82549 82771 82626 82732 82764 82941 82935 82627 
82942 82593 82946 82942 82552 82896 82768 82597 
82535 82566 82545 82943 82693 82804 82698 82760 
82588 83146 82653 82984 83186 82578 82578 82711 
82535 82945 82923 82674 82753 82945 82738 82535 
82892 83016 82896 82672 82564 82900 82564 82795 
82921 82535 82859 82535 82919 82597 82535 82689 
82870 82654 82620 83085 82535 82638 82948 82948 
82535 82949 82732 82613 82732 82822 82535 82714 
82612 82958 82726 82891 82765 82685 82535 82994 
82797 82863 82897 82694 83011 82551 82838 82953 
82957 82958 82953 82729 82656 82638 82818 83077 
82657 82707 82552 82819 82790 82550 82545 82728 
82576 82762 82825 82830 82771 82585 82585 82906 
82851 82805 82661 82673 82895 82883 82549 82726 
82957 82818 82576 82730 82535 82624 82989 82600 
82898 83077 82957 82940 82561 82908 82619 82685 
82819 82797 82863 82611 82556 82954 82925 82535 
82620 83107 82591 82959 82959 82550 82577 82707 
82960 82762 82549 82960 82535 82541 82553 82535 
83100 82937 82543 82685 82764 82543 82551 82535 
82567 82657 82741 82575 82535 82677 82963 82535 
82535 82535 82837 82535 82673 82969 82693 82549 
82600 82622 82892 82693 82561 82535 82764 82802 
82743 82857 82588 82852 82551 82885 82764 82714 
83164 82634 82657 82588 83105 82882 82874 82556 
82826 82710 82872 82989 82854 82967 82948 82535 
82652 82968 82681 82733 82821 82581 82942 82552 
82969 82995 82969 82535 82975 82552 82969 82578 
82852 82550 82550 82550 82651 83004 83104 82675 
83015 82716 82546 82779 82772 82789 82969 82752 
82629 82535 82692 83050 82814 82835 82920 82654 
82564 82972 82611 82835 83080 83177 83168 82540 
82974 82749 82535 82535 82535 82629 82535 82587 
82688 82916 82553 82562 82663 82593 82562 82667 
82564 82535 82545 82545 82814 82675 82625 83050 
82977 83062 82651 82879 82539 82642 82610 82538 
82968 82779 83041 82608 82978 82610 82661 82705 
82558 82535 83023 82767 82535 82969 82979 82553 
82538 82835 82758 82593 82628 82873 82729 82980 
82672 82647 82561 82535 83026 82981 82575 82564 
82983 82654 82832 82599 82967 82749 82982 82832 
82554 82832 82832 83004 82535 82983 82983 82658 
82738 82579 82894 82892 82984 82624 83231 82540 
82577 82985 82837 82608 82535 83152 82648 83069 
82918 82546 82749 82539 82672 82733 82737 82613 
82535 82718 82987 82544 82826 82535 82720 82555 
82588 82656 83076 82543 83395 82988 82535 82780 
82780 82867 82873 82629 82630 82960 82583 83090 
82535 82592 82737 83127 82980 83106 82691 82854 
82991 82583 82919 82535 82535 82795 82599 82682 
82766 82587 82698 82987 83016 82535 82797 82826 
82993 82814 82535 82993 82814 82661 82611 82535 
82738 82994 82658 82658 82941 82771 82778 83023 
82634 82862 82550 83002 82535 82861 82687 82675 
82707 82707 82969 82933 82996 82557 82756 82996 
82544 82634 82642 82797 83008 83006 82535 82726 
82817 83144 82777 82814 82737 82546 82998 82655 
82535 82819 82765 82688 82592 82592 82937 82834 
82667 82876 82756 82835 82843 83004 82962 82583 
82736 82793 82958 82535 82818 82535 83001 82585 
82537 82640 82965 82560 82905 82964 82584 82925 
82654 83003 82549 82964 83003 82567 83003 82810 
83104 83004 82535 82832 82760 83004 82835 83004 
83005 82561 82543 82974 82987 82551 83057 82535 
82537 82535 83424 82707 82535 82902 82902 83006 
82667 83066 82847 82882 82847 82657 83007 82708 
82622 83008 82711 82762 82545 82857 82920 83008 
82535 82732 82764 83090 82691 82682 82772 82537 
82566 82826 82603 82564 82551 82801 82535 82983 
82549 82588 82868 82686 82670 82575 82585 82629 
82579 82921 82535 82545 82921 82661 82835 82564 
82543 82875 82997 82976 82801 82569 82751 83034 
82727 83006 82626 82831 82715 82564 82558 82997 
82693 82716 82749 82875 82603 83012 82710 82579 
82535 82749 82651 82648 82901 82630 82583 82901 
82590 82710 83050 82539 82774 83005 82779 82590 
83018 82535 82803 82535 82535 82557 82743 82556 
83164 82845 83019 82717 82792 82685 82906 82864 
83020 82537 82878 83020 82592 82659 82535 82826 
82622 82749 82897 82556 82601 82765 82707 82536 
82817 83041 82537 82593 82673 82933 82553 82564 
82756 82693 82535 82969 82856 82608 82856 82901 
83024 82716 82766 82535 82657 83024 83024 82700 
82645 83025 83025 82645 82535 82538 83025 82545 
82711 82975 82535 82545 82896 82569 82847 82759 
83003 82923 83027 82553 82870 82569 82557 82579 
82698 82551 83151 82781 82593 82549 83008 82619 
82693 82675 83029 83002 82764 82592 82535 82857 
82906 83020 82835 82880 82539 82718 82535 82859 
82816 82817 82857 82538 82853 82656 82549 82574 
82835 82604 82646 82835 82737 82899 82613 82957 
82537 82977 82989 82674 83050 82821 82696 82908 
82962 82991 82916 82753 82742 82839 82962 83138 
82777 82909 82997 82964 82552 82791 82835 82843 
82856 82755 82551 82893 82698 82693 82825 82728 
82674 83223 82996 82974 82755 82722 82918 82695 
82848 82945 82949 82992 82655 82856 82542 82738 
82540 82642 82966 82933 82540 82624 82651 82880 
82555 82696 83146 83237 82875 82604 82654 82667 
82535 83041 82749 82935 83050 82556 83015 82755 
82538 82804 82666 82733 82974 82624 82817 82996 
83219 82762 82687 83130 82811 82719 82879 82620 
82817 82709 82766 82791 82564 82549 82990 82854 
82549 82556 82681 82535 83107 82850 82556 83045 
82738 82892 82535 82774 82572 83193 82535 82657 
82680 82764 82552 82555 82804 82535 82638 83047 
82567 83048 82791 82535 82664 82638 82793 82538 
83064 82711 82535 82600 82564 82770 83049 82535 
82612 82535 82773 82581 82710 82535 82710 82822 
82902 82743 82743 83051 82798 82848 83426 82902 
82535 82580 83052 82705 82535 82673 82535 82550 
82535 83124 83053 83053 83053 83124 83460 83053 
82535 82535 82537 82537 82542 82535 82540 82540 
82672 82551 82551 82535 82765 83055 82856 82896 
83056 82949 82653 83056 82792 83057 82603 82591 
82760 82734 83078 82574 82723 82952 83057 82611 
82549 83058 82584 82801 82584 82992 82552 82989 
83046 82540 83023 82541 82855 82827 83059 82624 
83016 82638 83195 82764 82654 82906 82557 83151 
82715 82653 82956 82550 82783 82886 82535 82786 
83057 83062 82564 82674 82611 82588 82584 82825 
82600 82655 82569 82600 82535 82535 82600 82590 
82575 83063 82655 82553 82545 82700 82580 82576 
82654 82964 82945 82535 83065 83065 82742 82549 
83065 83066 82816 82756 83065 82618 82684 82969 
82613 82564 82652 82545 83023 82969 82918 82681 
82710 83068 82900 82613 82850 82683 82604 82849 
83069 82535 82660 82673 82884 83069 82864 82675 
82714 82673 82876 82714 82843 82903 82558 82762 
82875 82623 82673 82714 82817 82903 82762 82817 
82640 82903 82876 82673 82834 82575 82610 82558 
82749 82896 82873 82583 82625 82721 82921 82562 
82975 82546 82709 82554 82535 82554 82567 82707 
83506 83042 83666 82640 82629 83002 82764 82588 
82562 82590 82658 82562 82535 82545 82535 82535 
82612 82756 82675 82592 82965 82937 82926 82604 
82719 82953 82953 83078 82956 82554 82850 82957 
82902 82535 82749 83115 82705 83079 82902 82902 
82838 82753 82559 82924 82872 82535 82753 82568 
82535 82535 82535 82535 83084 82535 83082 83211 
82535 83084 82535 83211 82535 83211 82585 82543 
83211 83082 82551 83083 82535 83082 82535 83083 
83084 82697 83081 82848 82535 83082 83359 83211 
82863 82549 82711 82801 83019 82567 83085 82696 
82553 82885 82732 82881 83086 82694 83061 83086 
82749 82859 83087 82647 82859 82535 82581 83087 
82817 82642 82535 82554 83088 82819 82665 82642 
82707 82680 82813 82550 83089 83086 82537 83089 
82603 82721 82821 82798 83090 82667 82765 82691 
82535 82564 82764 82711 82913 83065 82551 82535 
83092 82545 82560 82588 82535 82554 82545 82584 
82618 83093 83093 82618 82701 82618 82713 82535 
82541 82539 82541 82539 82535 82538 82540 82541 
83096 82595 82535 82535 83095 83795 82535 83795 
82535 82535 83795 83795 83096 82595 82595 83795 
82723 83225 82540 82593 82545 82584 82844 82611 
82775 82738 83030 82822 83098 82672 82538 82672 
82546 82800 82648 82833 82593 82722 82593 82777 
82538 82921 82602 82812 82677 82692 82675 83100 
82715 82653 82715 82576 82568 82604 82898 82898 
82756 82545 82678 82601 82847 82646 82535 82535 
82812 83134 82664 83178 82892 82654 83160 82630 
82737 82675 82675 82765 82838 82535 82535 83104 
82701 82588 82552 82581 82551 83105 82695 82535 
83106 82535 82749 82749 82855 82651 82902 82749 
83003 82551 82535 82535 82550 82612 83107 82535 
82535 82659 82552 82535 82588 82692 82550 82535 
83109 82535 83201 83109 82821 82823 82894 82952 
82701 82561 82557 83110 83092 82552 82588 82535 
82535 82536 82540 82536 82542 82537 82538 82535 
82678 82895 82935 83112 82816 82592 82707 82771 
82535 82535 82535 83053 82957 82658 82600 82562 
82535 82549 82890 82551 82919 82969 82562 82628 
82535 82902 82705 82535 82902 82535 82535 82913 
82719 82675 82638 82721 82688 82677 82797 82652 
82549 82593 82556 82600 82764 82654 82892 82964 
82540 82540 82535 82542 82541 82535 82535 82537 
82555 82707 82848 83090 82550 82783 82987 83060 
82900 82654 82969 82847 82647 82537 82711 82789 
82774 83016 83175 82695 82721 82789 83261 83006 
82762 82804 82552 82591 82810 82951 82802 82666 
82773 82773 83123 83123 82773 82773 83050 82535 
83053 82762 82592 82535 82723 83053 83460 82535 
82604 82801 83125 82828 82704 82675 82535 83125 
82820 82781 82551 82727 82549 82896 83112 82585 
82667 83127 82663 82693 82662 82692 82681 82584 
83015 83128 82620 82758 82913 82921 82540 83128 
82551 82535 83129 82578 82554 82630 82535 82657 
82588 82804 82535 82642 83138 83130 82535 83130 
82535 82535 83382 83131 83086 83284 82873 82560 
82673 82612 82625 82892 83132 82988 82926 82764 
82579 82692 82535 82535 83133 82728 82639 82553 
82574 82831 82624 82640 82535 82603 83134 83134 
82625 82902 82902 82749 83135 82822 82588 82561 
82672 82739 82969 82565 82714 82817 82546 82709 
83086 82787 82593 83137 83137 82941 82538 82693 
82992 82832 82535 83015 82812 82867 82905 82934 
82581 82673 82975 83263 82812 83183 83336 82537 
82974 82577 83375 82557 83140 82535 82733 82642 
82947 82560 82728 82610 82642 82541 82990 82990 
83184 82825 82705 82688 83221 82537 82629 82740 
83460 82639 82878 82625 83143 82625 83143 82749 
82622 82604 82658 83052 83052 83012 83012 82777 
82689 82578 82848 82873 82704 82642 82879 82759 
83146 82549 82572 82847 82539 82657 82557 82657 
82556 82545 82645 82564 82904 82646 82752 82739 
82683 82870 83219 82537 82701 82789 82682 82982 
82535 82537 83149 83149 82801 82845 83469 83158 
82722 82628 82722 82570 82998 82685 82581 82852 
82784 82549 82654 83179 82695 82535 83151 82541 
82535 83158 82801 82535 82579 82801 82801 82839 
82587 82802 82577 82859 82584 82894 82646 82541 
82590 83154 82684 82749 83195 82535 82648 82538 
82538 82537 82536 82538 82535 82538 82541 82536 
82766 82551 82922 82552 82622 83156 82558 82565 
82636 83191 82859 82535 82795 83157 82636 82743 
82535 82535 82845 82638 83149 82638 83158 82535 
82539 82538 82536 82538 82541 82536 82536 82537 
82778 83373 82645 83160 83160 82603 83144 82603 
83275 82535 82618 82535 83093 83161 82618 82618 
82535 82535 82764 83162 82535 82535 82892 82535 
82580 82835 82826 82639 82648 83163 82537 82835 
82999 82681 83164 83042 83271 83030 82651 83030 
82587 82817 82817 82568 83164 82552 82788 82706 
83459 82535 82856 82579 82535 82592 82535 82579 
82906 82708 82848 82605 82535 82720 82722 82822 
82901 82777 82535 83168 82707 82613 82537 82675 
82535 82535 82540 82542 82540 82535 82535 82538 
82645 83170 82657 82592 82657 83170 82645 82549 
82992 82861 82564 82913 82700 82833 82800 82610 
82545 82672 82557 82554 82556 83172 82709 82545 
82552 82728 82577 82920 82588 82630 82554 82599 
82713 82683 82535 82554 83117 82552 82654 83174 
82683 83175 82535 82647 82590 82764 82535 82702 
82899 83176 82899 82812 82642 82535 83176 82584 
83003 82675 82714 82705 82976 82608 83127 83060 
82545 82710 82801 82706 82576 82859 82556 82584 
82817 83179 83179 82837 82535 83179 82764 82864 
82807 82697 83180 82656 82753 82561 82818 82579 
82543 82543 82535 83181 83181 82543 82543 82543 
82543 82610 82642 82740 82731 82566 82640 82727 
82638 82795 82672 83366 82672 82657 83364 83183 
82791 82535 82597 82890 82681 82622 82834 82545 
82672 83245 83108 83019 82712 82675 83144 82811 
82644 82742 83009 82710 82882 82711 82537 82622 
82925 82948 82675 82658 82973 82970 82859 82817 
82634 82766 82667 83018 82740 83049 82667 82936 
82674 82551 82895 82537 82675 82795 82597 82612 
82577 82660 82600 82706 82672 82598 82857 82600 
82564 82535 82535 82539 83115 82725 82535 82725 
82537 82535 82539 82539 82536 82535 82540 82542 
82549 82685 83107 83045 83107 82684 83107 82863 
83022 82743 82538 82626 82640 82653 82789 82885 
82579 82622 82661 82857 82765 82622 82652 82765 
82749 83104 82557 82976 82915 83073 83049 82583 
82839 82903 82537 82657 82577 83089 82799 82881 
82549 82893 82612 82818 82626 82551 82893 82671 
82656 82535 82697 82945 82549 82610 82742 82578 
83378 82692 82560 83375 83149 82676 82821 83359 
83201 82975 82535 82535 82975 83201 82535 82791 
82543 82541 83657 82687 82850 83140 82687 82850 
82959 82657 82657 83002 82754 83003 82794 82690 
82603 83235 82949 82545 82814 82897 83204 82563 
82988 82622 83008 82622 82795 83008 82714 82838 
82717 82535 82756 82686 82549 82555 82535 82579 
83207 82657 82550 82667 82742 82549 82833 83151 
83208 82562 83143 83143 82662 82550 82723 82913 
82733 82535 83418 83209 82754 82551 83418 82732 
82538 82535 82541 82542 82537 82540 82541 82535 
82724 82535 82672 83084 83081 82613 83082 82859 
82537 82536 82542 82535 82535 82537 82539 82535 
82899 82545 82665 82587 82667 82772 82768 82548 
82579 82784 83049 83182 83182 82651 82839 82675 
82542 82537 82542 82535 82535 82539 82535 82542 
83216 83216 83216 83216 82535 83216 82535 82764 
82750 82753 82704 82584 82535 82535 82535 82535 
82716 82551 82800 82718 82694 82535 82930 83218 
83030 82564 82667 82955 82769 82642 82975 83164 
82791 82806 82584 83220 82737 82764 82738 82928 
82597 82667 82543 82920 82563 82679 83089 82777 
82719 83089 82707 82716 82667 83222 82631 83047 
82758 82556 82784 82857 82909 82873 82613 82537 
83130 82814 82792 83158 82719 82579 82792 82685 
82781 82551 82878 82610 83148 83226 82661 82574 
83226 83802 82895 83226 82804 83226 82852 82535 
82561 82757 82900 83002 82764 82536 82909 82947 
83020 83031 82871 82642 82585 82728 82646 83090 
82625 82619 82697 82851 82626 82841 82654 82765 
82613 82832 82788 82722 82857 82812 82845 82653 
82535 82882 82837 83045 82716 82603 82807 82715 
82552 82693 82601 82537 82581 82549 83023 82626 
82541 82542 82535 82537 82542 82536 82535 82535 
82542 83234 83093 83234 82713 82618 83234 82789 
82550 82723 82675 82897 82705 82693 83235 83053 
82709 83020 82940 82782 82550 82742 82652 82643 
82920 83090 82813 83011 82624 82719 82868 82843 
82631 82810 82964 82864 83033 82583 83033 82598 
82909 82583 82902 83666 83505 82857 83059 82623 
82565 83002 83023 82608 82694 82608 83015 82792 
82639 82639 83100 83044 82693 82855 82867 82571 
82685 82611 82643 82949 82559 82623 83008 82998 
82904 83130 82561 83024 82813 82654 82813 82782 
82719 82996 83011 83042 83100 82891 83009 82989 
83113 82658 82976 83665 83181 82546 83181 83185 
82537 82536 82540 82541 82535 82535 82542 82540 
82539 82536 82535 82535 82540 82535 82538 82542 
82541 82540 82542 82536 82540 82537 82535 82535 
82542 82537 82539 82538 82537 82539 82538 82536 
82791 82562 82855 82807 82625 82807 83152 82549 
82688 82953 82799 82558 83250 82562 82568 82882 
82684 82539 82685 82539 82539 82741 82685 82685 
82757 83253 82902 82893 82831 82552 82766 82545 
82535 82535 82536 82537 82536 82542 82536 82535 
82943 82561 82727 82715 82898 82629 82553 82797 
82564 82564 82601 82535 82601 82743 82535 82564 
82765 82544 82758 83022 82964 82648 82974 82856 
82613 82985 82812 82956 82789 83031 82685 82905 
82895 82603 82543 82873 82653 82933 82854 82692 
82830 82875 82714 82727 82789 82795 82904 82695 
82782 82623 82674 82894 82643 82712 82626 82611 
83662 82682 82704 83664 82882 83301 82682 83659 
83083 83200 82795 82975 82553 83082 82538 83361 
82540 82539 82535 82537 82537 82537 82537 82541 
82538 82537 82535 82542 82535 82541 82537 82536 
82547 82550 83235 82648 82648 82550 82737 83106 
83483 83483 83477 83478 83481 82535 82535 83477 
82687 82553 82789 82892 83364 83083 82537 82663 
82706 82554 82645 82912 82619 82564 82967 82892 
82675 82693 82973 82716 82551 83015 82973 82867 
82693 82843 82675 83181 83018 82688 83023 83270 
82566 82795 82675 83009 82978 82963 83052 82575 
82536 82542 82537 82535 82541 82542 82542 82540 
82765 83236 82544 83127 82550 83088 83066 82923 
83275 82618 82578 83275 82535 83275 83093 82535 
82653 82700 82604 83301 82976 82672 82750 83219 
82817 82722 82551 82535 82553 82969 83102 82742 
82829 82719 82566 82819 82717 82859 82670 82753 
82538 82539 82536 82535 82537 82535 82542 82540 
82657 82963 82567 82780 82556 83049 82622 82560 
83281 82535 82560 83082 82622 82574 82535 82610 
82536 82538 82535 82541 82537 82537 82535 82542 
82535 82804 83283 82735 82535 82640 82535 82784 
83284 83284 82535 82974 83432 83284 83778 83432 
82537 82536 82542 82536 82542 82538 82540 82539 
83113 82946 82545 82811 82684 83286 83061 82674 
82939 82556 83127 83025 82831 82943 82552 82877 
82538 83206 82568 82890 82689 82831 82642 82537 
82541 82540 82535 82535 82538 82537 82536 82535 
82734 82873 82694 82716 83290 82715 82694 82694 
82857 82826 82638 82624 82685 82604 82604 82908 
82535 82536 82541 82540 82535 82538 82539 82535 
82555 82760 83018 82538 82620 82613 82565 82588 
82540 82542 82537 82539 82535 82542 82537 82539 
82541 82537 82538 82542 82540 82539 82536 82536 
82535 82535 82536 82542 82537 82536 82538 82537 
82541 82542 82540 82538 82538 82540 82540 82540 
82535 82537 82538 82540 82535 82535 82537 82535 
82837 82574 82764 82953 82639 82633 82715 82603 
82539 82538 82537 82537 82537 82540 82535 82541 
83301 82552 82661 82657 82535 83301 83301 82535 
82535 82539 82542 82535 82535 82541 82540 82537 
82798 82798 82798 82535 82592 83303 82535 83303 
82813 83301 82986 82613 82581 82784 82813 82902 
82657 82692 83048 82560 82692 82780 83001 83306 
82657 83049 83001 82837 83305 82621 82714 82894 
82543 82676 82906 82543 83123 82861 83378 82659 
82537 82540 82536 82538 82535 82536 82539 82541 
82540 82535 82542 82540 82542 82535 82535 82535 
82537 82728 82825 82760 82695 83156 82684 82613 
82648 82535 82654 83066 82804 83311 82535 82648 
82541 82539 82541 82538 82541 82542 82537 82542 
82536 82541 82538 82538 82537 82539 82535 82538 
82536 82535 82541 82536 82539 82537 82540 82538 
82537 82537 82535 82537 82535 82541 82541 82537 
82557 82916 83100 83138 83144 82597 82542 82537 
83317 83317 83317 83341 83341 82902 82535 82535 
82556 82667 82535 82854 83151 82854 83151 82710 
82538 82542 82537 82536 82539 82535 82539 82538 
82539 82535 82537 82538 82538 82540 82541 82541 
83366 82692 82657 83106 83334 82892 82689 83087 
82892 83086 83326 83353 83332 82553 83377 82652 
82622 82659 83351 82800 82676 83338 83324 83149 
82613 82619 83083 83263 83041 82764 83341 83087 
82657 83149 82764 82542 82582 83235 83373 83323 
83360 83362 83366 83143 83042 82695 83358 83350 
82837 82625 83304 83369 82872 82628 82613 83370 
82535 83328 83477 83328 83411 83483 83344 83481 
82764 82608 83383 83339 83370 83365 82675 83372 
82986 83328 83360 82692 82969 83325 83327 82867 
83149 83149 82800 83349 82600 83371 82975 82792 
82872 83106 83327 83328 83333 82687 83369 83372 
82872 82918 82727 82947 82868 82731 82859 82553 
83363 83342 82553 82817 83284 82625 83376 83370 
82795 83372 83350 82583 83373 83374 82663 83330 
83359 83181 82600 83340 83348 82550 83358 82582 
83353 82556 82556 82964 82622 83199 82608 83049 
83140 82913 82583 82792 83384 82560 82687 82642 
82988 82535 83339 82674 82688 83395 83339 83462 
83371 82543 83353 82913 83334 83268 83347 83082 
83341 83341 82863 82535 82902 83317 82902 82535 
83367 83341 83365 83235 82550 83139 82687 83143 
83415 82642 82692 82753 83016 83050 82549 83139 
82535 83483 83344 83483 83483 83483 82535 83328 
83131 82563 83349 82969 82913 83378 83024 82872 
82549 83405 83370 82906 82795 83323 83383 83099 
83106 83362 83208 82599 83344 83053 82538 82859 
83348 83267 83482 83348 83267 83478 83407 83476 
83383 83358 82553 83359 82543 83337 82765 83329 
83219 82700 82642 82723 82600 83090 83106 82550 
82789 83268 83371 83375 82659 82689 83372 82859 
82553 83330 82722 83337 82642 82652 82872 83358 
83083 82837 82923 82792 83143 83365 83682 83365 
83284 82689 82625 82695 82663 82817 82582 82553 
83084 83373 82687 83350 83327 82622 82603 83131 
83181 82765 82543 83352 83340 82722 82603 83339 
83139 83160 82722 83348 83344 83181 83370 82537 
82837 83371 82627 82710 83087 83404 83382 82601 
82535 82535 83341 83529 83529 83437 82729 83359 
83356 83385 83086 83087 83200 83160 83284 83338 
82692 83323 83339 83383 82695 83377 83284 82695 
82789 82622 82560 83368 83385 83326 83347 82537 
83340 82789 83384 82583 82913 83140 83322 83334 
82907 83349 82624 82766 82566 83140 82765 83377 
82892 82625 82689 82553 83208 83373 83339 82659 
82535 82535 82607 83448 82743 83366 82535 83448 
83383 83131 82795 83371 83106 82659 82795 83140 
82603 82625 83326 82765 82859 83123 82642 82859 
82627 83373 82789 82538 82599 83339 83149 83140 
83051 83370 82657 83370 83370 82848 83425 83370 
83522 83374 82535 82663 82689 83376 83376 82535 
82535 82638 82535 82638 83372 82535 82754 82901 
83777 83417 82974 83373 82974 82657 83778 83373 
83376 83375 83371 83524 83371 83376 83374 83524 
82535 82789 83522 83356 83348 83522 83371 83374 
83524 82535 83375 83523 83371 83375 83523 82535 
83339 83384 83327 82860 83370 83351 82969 82600 
82860 82906 82600 83384 83139 83373 82627 83384 
82769 83371 82610 82537 83284 83345 83208 82710 
83087 83284 83366 82625 82722 82892 83366 83384 
82627 83371 82769 83362 83371 82769 83376 83385 
83378 83330 83140 82603 82859 83263 83375 82872 
83380 83358 83358 83200 83372 82689 83377 83357 
82753 82722 83354 82604 82627 83354 82817 83083 
83344 82608 82659 82695 82659 83369 82689 83087 
82621 82566 82592 82795 82688 82621 82863 82999 
82537 82536 82542 82537 82535 82535 82538 82538 
82539 82540 82535 82535 82537 82535 82542 82540 
82538 82535 82536 82541 82540 82541 82537 82536 
82535 82537 82535 82542 82537 82538 82535 82535 
82540 82540 82540 82539 82537 82539 82535 82542 
82540 82540 82535 82542 82538 82537 82536 82540 
82850 82976 82543 83657 82545 82848 83066 82545 
82540 82541 82539 82540 82535 82537 82538 82541 
82535 82535 82855 83395 83395 83226 82796 83395 
82537 82542 82542 82540 82537 82541 82536 82540 
82756 82654 82848 82756 82765 82553 82878 82878 
82538 82536 82539 82535 82535 82537 82536 82540 
83190 82556 83073 82564 82792 82640 82818 83186 
82535 82537 82535 82537 82537 82542 82541 82540 
82586 82636 83050 82537 82624 83050 82883 82901 
82539 82538 82537 82541 82540 82536 82541 82538 
82598 83403 83416 82663 82535 83416 83403 82663 
82610 82566 82686 82673 82710 82566 82684 83091 
83201 83418 82577 82692 82705 82848 82730 82848 
82542 82538 82538 82538 82540 82540 82537 82535 
83478 82535 83478 83476 82535 83476 83407 83483 
83551 83541 83541 83408 82535 83551 83408 82848 
83541 83408 83455 83566 83166 83545 83545 83444 
83408 83444 83566 83516 83565 82724 83557 82798 
83344 83411 83344 82535 83344 83344 82535 83483 
82705 82603 82675 82695 82707 82603 83412 82550 
82540 82536 82535 82541 82541 82541 82539 82535 
82535 82538 82541 82537 82542 82538 82536 82538 
82848 82673 83417 82848 82545 83370 83016 83373 
83416 82562 82535 82562 82918 82562 82663 83416 
82535 83417 83778 83373 83777 83417 83417 83777 
82535 82796 82796 83209 82535 82535 83209 83418 
82536 82542 82535 82538 82539 82535 82542 82535 
82927 82638 82813 82673 83052 83117 82541 82892 
82538 82535 82535 82535 82537 82538 82535 82541 
82540 82536 82541 82535 82537 82535 82539 82535 
82542 82541 82541 82539 82540 82536 82540 82538 
82902 83341 83428 83424 82535 82902 82902 82535 
83006 82902 82535 83435 82535 83424 83424 83429 
82535 82584 83428 82902 83051 83426 82535 82535 
82535 83424 82535 82856 83427 83427 82535 82856 
83428 83424 83428 83428 82535 83426 83427 82792 
83429 82902 82902 82535 83006 83429 82535 82535 
82535 82542 82535 82539 82537 82536 82535 82541 
82542 82542 82535 82542 82537 82538 82535 82542 
82542 82535 82538 82540 83432 82974 83373 82902 
82536 82535 82535 82542 82538 82537 82541 82541 
82536 82542 82540 82535 82540 82542 82537 82536 
82902 83424 82535 82902 83435 83425 82817 83424 
82728 82754 82939 82685 82601 82673 83010 82715 
83529 82906 83437 83437 83437 83359 83359 83437 
82535 82535 82539 82537 82541 82535 82540 82541 
82540 82541 82536 82538 82542 82542 82535 82540 
82538 82535 82538 82536 82535 82539 82539 82541 
82579 83027 82581 82882 82573 82882 82841 82646 
82536 82537 82542 82537 82538 82542 82535 82535 
82539 82535 82540 82535 82542 82539 82535 82541 
82798 82839 83455 82906 82535 83303 83444 82535 
82536 82536 82537 82540 82535 82535 82540 82538 
82540 82537 82541 82538 82542 82541 82538 82535 
82535 82542 82540 82535 82539 82542 82541 82542 
83489 82837 83448 82607 83448 82837 82657 82837 
82541 82535 82539 82542 82535 82535 82539 82538 
82537 82540 82541 82535 82535 82539 82539 82538 
82537 82541 82535 82537 82535 82539 82538 82537 
83444 83444 82535 83444 82537 82539 82535 83444 
82535 82536 82540 82538 82539 82537 82536 82537 
82535 82536 82539 82536 82540 82541 82541 82535 
83532 83410 83550 83531 83542 82848 83554 83541 
82539 82539 82541 82538 82542 82537 82541 82540 
82535 83460 82625 83457 82913 83457 83457 83460 
83458 83460 82723 83458 82535 83460 82535 82574 
82624 82579 82535 82535 82684 82579 82535 82579 
82538 83053 82749 82535 82535 83460 82749 82537 
82801 82537 83461 83469 83469 82535 82540 83461 
83462 82769 83462 83462 82769 82749 82749 82749 
82969 82754 82574 83259 82817 82753 82613 83123 
82538 82539 82540 82538 82535 82535 82536 82542 
82539 82536 82540 82542 82538 82540 82536 82537 
82536 82539 82539 82539 82538 82538 82539 82537 
82536 82536 82536 82536 82539 82541 82538 82537 
82535 82535 82537 82537 82537 82538 82539 82535 
82754 83461 82845 83461 83469 82754 83469 83158 
82538 82537 82537 82538 82535 82538 82535 82542 
82535 82539 82538 82538 82539 82536 82538 82535 
82541 82538 82536 82542 82541 82541 82542 82541 
82542 82535 82541 82539 82537 82542 82542 82542 
82538 82535 82542 82541 82537 82537 82539 82540 
82537 82541 82542 82536 82542 82535 82537 82538 
83267 83407 83477 83407 83267 82535 83476 82535 
83407 83477 83407 83482 83476 83348 83481 83407 
83483 82535 83483 83484 82535 83477 83476 82535 
83062 82577 82993 82875 82685 82577 82733 82821 
82949 82726 83156 82545 82552 82922 82726 82842 
83478 83478 83476 83482 83482 83328 83267 83482 
83477 83483 83483 83482 83484 83483 83482 83407 
82535 82535 83483 83477 82535 83267 83482 83483 
83484 83481 83477 83481 82535 83348 83407 83328 
82538 82542 82542 82536 82538 82541 82535 82535 
82539 82539 82541 82542 82536 82538 82539 82540 
82541 82536 82535 82535 82541 82536 82538 82535 
82535 82749 82749 83488 83488 82535 82749 83488 
83366 83489 82657 83489 82657 82535 82837 82969 
82539 82540 82537 82537 82540 82535 82540 82540 
82535 82540 82537 82538 82539 82536 82539 82539 
82535 82536 82537 82536 82541 82535 82536 82542 
82801 82742 83184 82711 82854 82854 82707 82804 
82538 82539 82540 82537 82535 82537 82539 82538 
82536 82537 82542 82540 82536 82541 82538 82535 
83709 83497 83727 83692 83708 83698 83697 83708 
83704 83709 83709 83713 83498 83711 83696 83693 
83808 83496 83728 83705 83810 83704 83704 83713 
82535 82541 82538 82535 82541 82541 82540 82538 
82541 82535 82537 82539 82542 82541 82535 82537 
82567 82711 82803 82590 82756 82723 82757 83237 
83502 83570 83502 83570 82535 83570 83570 83502 
82542 82542 82541 82537 82537 82539 82539 82538 
82538 82537 82536 82537 82538 82541 82542 82537 
82911 83301 82854 83262 83217 82750 83304 82764 
83217 82813 83330 82986 82892 83304 83664 82969 
82538 82535 82537 82536 82535 82535 82535 82542 
83660 82785 82722 83301 83326 83042 83301 82613 
82813 83301 82969 82892 83262 83262 82854 82613 
83041 82758 82722 82784 83239 83301 83262 83510 
83661 82722 82542 82892 82764 83075 83509 82722 
82854 82758 82813 83506 82813 82902 83042 83217 
82542 82535 82537 82542 82541 82542 82537 82535 
82538 82537 82537 82537 82539 82538 82542 82535 
82537 82541 82537 82542 82535 82538 82536 82540 
83541 82535 82535 83541 83594 83594 83516 83541 
83444 83455 83545 83459 83531 83540 83546 82980 
82535 83053 82835 82760 83518 82535 83518 82542 
82535 82538 82535 82535 82536 82536 82538 82541 
83520 82535 82906 82906 82535 82535 82535 82567 
82535 82536 82538 82535 82538 82537 82537 82539 
83374 83140 83376 83522 82535 82535 83374 83524 
83374 83371 83524 83376 83376 83140 83375 83371 
83371 83522 83523 83375 83376 83524 83371 83376 
82539 82542 82539 82540 82536 82539 82539 82541 
82540 82542 82541 82535 82538 82541 82535 82542 
82562 82822 82821 82562 82776 82714 82993 82654 
83231 82923 82817 82753 82604 82947 82921 82653 
82535 83529 82537 83437 83437 82535 83529 83529 
82540 82541 82538 82537 82540 82542 82541 82535 
83546 83166 83556 83532 83531 83540 82724 83444 
82579 83459 83532 83532 83166 82535 82535 83532 
82535 83533 83444 83444 82535 83444 83444 82535 
83532 83548 83555 83166 83545 83536 83559 82724 
83444 83554 83541 83540 83567 83408 83549 83459 
83562 83545 83541 83516 83566 82724 82980 83549 
83561 83545 82724 83536 83549 83558 83531 83166 
83533 82980 82579 83561 83455 83551 83560 83408 
83444 83166 83561 83541 82579 83541 82980 83568 
83444 83558 83533 83542 83562 83536 82724 83558 
83541 83541 82535 82535 83551 82535 83541 83408 
83544 83551 82579 83444 83551 82579 83516 83552 
83539 83533 82848 83533 83541 83552 83567 83535 
83455 83541 83517 83552 83560 83545 82980 83567 
83558 83558 82605 82605 82535 83558 82605 83558 
82579 83517 83554 82724 83555 83559 83166 83567 
83549 83410 83459 83533 82579 83517 83538 83551 
83566 83545 83549 83543 83554 83548 83537 83539 
83166 83444 83551 83541 83563 82579 83551 83408 
83562 83408 83533 83459 83544 83166 83535 83536 
83541 82535 83541 82535 82980 83554 83541 83551 
83558 83552 82535 82535 82535 82605 82535 83558 
83537 83166 83542 83541 83544 83408 83532 83538 
82605 82605 83542 82605 83552 83554 83533 83545 
83567 83459 83410 83517 83540 83537 83566 83562 
83408 83408 83551 82798 82980 83535 83166 83541 
83562 82980 82980 83560 83408 83548 83516 83564 
82535 83552 82605 82535 82535 83554 83558 83552 
83550 83548 83534 83559 83545 83564 82724 83533 
83408 83516 83516 83540 83537 83558 83554 83556 
83542 82579 83566 83408 83557 83550 83459 82798 
83568 82724 83409 83532 83542 83546 83532 83444 
83538 83558 83548 83541 83554 83554 83408 83538 
83558 83517 83541 83516 83565 83548 83541 83533 
83547 83540 83545 83561 83408 83536 83551 83166 
83459 83536 83517 83444 83560 83531 83564 83549 
83549 83539 83547 83543 83516 83566 83567 83166 
82724 83535 83166 83558 83561 83166 83545 83444 
82538 82537 82536 82540 82535 82536 82538 82539 
82538 83570 82535 82535 82537 82535 83570 83570 
82541 82539 82535 82540 82541 82540 82541 82539 
82537 82540 82535 82538 82538 82541 82536 82536 
82856 82537 82926 82537 82957 82546 83002 82723 
82623 82975 82639 82782 82795 82807 82894 82762 
82623 82807 82762 83261 83179 82795 83575 82795 
82643 82894 82550 82657 83240 82537 83574 83575 
82541 82537 82539 82541 82535 82541 82542 82538 
82539 82535 82541 82536 82538 82538 82537 82536 
82540 82540 82535 82536 82535 82538 82535 82535 
82535 82539 82536 82540 82539 82535 82535 82535 
83011 82843 83069 82656 82756 83301 82619 82670 
82542 82538 82540 82538 82535 82535 82537 82535 
82540 82540 82537 82539 82540 82535 82539 82540 
82539 82542 82542 82536 82538 82541 82539 82535 
82535 82537 82541 82542 82541 82537 82535 82535 
82568 82919 82919 82809 83026 83112 82654 82767 
82535 82542 82541 82535 82540 82542 82535 82535 
82537 82535 82539 82535 82537 82535 82536 82537 
82539 82537 82541 82535 82535 82540 82535 82540 
82535 82542 82537 82540 82540 82538 82535 82535 
82537 82535 82535 82537 82536 82540 82540 82540 
82535 82540 82535 82542 82539 82535 82535 82536 
82541 82541 82542 82535 82541 82537 82535 82536 
83516 82535 83594 83594 82535 82535 83516 83594 
82536 82541 82535 82535 82535 82539 82542 82536 
82541 82537 82535 82538 82539 82537 82539 82540 
82535 82540 82537 82541 82541 82537 82535 82542 
83201 82850 82692 82543 82821 83140 83140 82850 
82535 82535 82536 82537 82538 82542 82535 82537 
82539 82535 82541 82535 82538 82536 82540 82542 
82542 82540 82535 82537 82542 82538 82535 82539 
82539 82536 82538 82535 82539 82539 82539 82535 
82535 82539 82542 82535 82539 82541 82539 82542 
82541 82536 82535 82535 82539 82542 82535 82535 
82538 82541 82535 82537 82539 82537 82537 82535 
83606 82861 82872 83005 83606 83010 82781 82720 
82537 82536 82536 82535 82536 82542 82538 82542 
82821 82733 83140 82754 82730 82663 83608 82754 
82537 82542 82542 82541 82539 82541 82537 82535 
82539 82535 82541 82535 82542 82540 82536 82538 
82535 82538 82540 82536 82542 82535 82535 82535 
82542 82535 82539 82542 82541 82537 82541 82539 
82538 82538 82535 82540 82542 82539 82535 82540 
82535 82541 82536 82541 82539 82535 82537 82538 
82539 82537 82536 82537 82541 82535 82537 82540 
82542 82539 82535 82535 82541 82537 82535 82542 
82535 82538 82535 82541 82536 82540 82538 82541 
82541 82542 82535 82540 82540 82535 82536 82539 
82535 82540 82540 82537 82536 82538 82542 82539 
82542 82538 82541 82536 82542 82542 82536 82539 
82539 82536 82535 82542 82539 82539 82535 82541 
82539 82535 82542 82535 82536 82535 82538 82540 
82536 82542 82540 82535 82542 82535 82536 82535 
82537 82540 82542 82536 82536 82542 82535 82539 
82536 82542 82535 82535 82540 82541 82538 82535 
82541 82535 82542 82535 82537 82540 82539 82542 
82537 82535 82535 82540 82536 82536 82535 82541 
82537 82541 82536 82536 82542 82535 82538 82541 
82542 82538 82542 82542 82540 82536 82537 82535 
82540 82537 82542 82535 82535 82538 82536 82535 
82541 82535 82537 82542 82537 82539 82542 82535 
82535 82535 82537 82542 82535 82537 82536 82535 
82539 82535 82538 82537 82542 82536 82537 82538 
82535 82540 82535 82540 82540 82541 82536 82539 
82540 82535 82535 82539 82537 82541 82538 82541 
82539 82538 82541 82538 82535 82541 82535 82535 
82539 82542 82538 82542 82535 82542 82537 82537 
82535 82542 82542 82538 82540 82535 82535 82535 
82536 82537 82535 82542 82542 82535 82535 82536 
83220 82969 82964 82608 82651 82560 82903 82754 
82536 82540 82541 82536 82535 82541 82542 82540 
82542 82537 82540 82537 82535 82535 82542 82535 
82542 82536 82535 82542 82537 82537 82538 82537 
82536 82541 82541 82536 82536 82539 82538 82542 
82536 82538 82540 82541 82541 82537 82539 82540 
82539 82538 82542 82542 82542 82542 82541 82535 
82542 82535 82541 82541 82537 82540 82538 82535 
82535 82535 82541 82541 82538 82536 82537 82539 
82539 82542 82539 82538 82535 82541 82539 82535 
82539 82536 82540 82539 82535 82541 82542 82537 
82538 82537 82536 82540 82536 82535 82542 82538 
82540 82535 82541 82535 82537 82535 82537 82537 
82542 82535 82538 82538 82542 82539 82539 82539 
82538 82539 82539 82541 82535 82539 82538 82536 
82540 82536 82536 82539 82537 82542 82542 82540 
82535 82535 82542 82537 82540 82539 82540 82542 
82821 82850 82850 83405 82850 82692 83200 83657 
82539 82537 82540 82537 82542 82540 82539 82541 
82784 83301 82657 82867 83511 83326 83666 82892 
83262 82628 82784 83114 83326 83041 82892 82613 
83511 82722 82986 83512 83660 82675 82675 82854 
83042 82902 82986 82902 83330 83327 83510 83041 
82581 82813 83665 83510 82542 82892 83075 82854 
82969 82675 82722 83327 82854 83663 82675 83664 
83040 83330 82994 83113 82867 82969 83242 83330 
83510 83508 83511 82902 83262 82854 82902 82613 
82541 82535 82537 82536 82535 82537 82535 82536 
82692 82564 82613 83057 82554 82965 82687 82915 
82537 82540 82536 82536 82541 82536 82541 82535 
82537 82535 82540 82541 82535 82535 82538 82541 
82604 82811 83016 82631 82696 82851 82750 83149 
82622 82556 82695 83288 82847 82758 82900 83203 
82536 82537 82539 82536 82535 82535 82535 82537 
82538 82542 82538 82535 82542 82538 82536 82535 
82539 82540 82535 82540 82538 82539 82536 82540 
82541 82535 82542 82535 82537 82539 82539 82538 
82539 82539 82542 82541 82539 82536 82536 82542 
82539 82538 82535 82537 82541 82535 82536 82539 
82542 82541 82541 82535 82539 82535 82542 82535 
82541 82539 82539 82540 82535 82536 82542 82540 
82550 83581 82857 82604 82718 83250 82562 82625 
83011 82631 83682 82762 82641 82625 83068 82993 
82577 82625 82777 82538 82718 83581 82862 82641 
83073 83152 82717 83685 83682 82959 83068 82995 
83001 83353 82807 83685 83001 82852 82836 82631 
82923 83011 82625 83001 82843 82836 82541 82557 
83120 83076 83076 82995 83011 82545 83001 83685 
83684 82538 82757 83250 82923 82995 82557 82625 
82540 82538 82540 82541 82535 82537 82537 82542 
82535 82535 82539 82541 82537 82535 82538 82542 
83785 83775 83756 83815 83816 83760 83697 83729 
83692 83497 83697 83692 83705 82757 83710 83712 
83761 83706 83763 83763 83791 83705 83781 83763 
83699 83700 83699 82550 83728 83708 83725 83693 
83711 83705 83729 83707 83727 83706 83498 83726 
83713 82757 83707 83701 83691 83702 83692 83697 
83809 83785 83710 83701 83714 83765 83713 83786 
83699 83695 83708 82757 83691 83694 83700 83714 
83729 83775 83699 83701 83766 83723 83707 83759 
83704 83708 83693 83691 83711 83700 83497 83698 
83694 83708 83712 83773 83697 83709 83691 83699 
83698 83711 83707 83692 83691 83710 83699 83697 
83699 83790 83766 83763 83785 83713 83787 83727 
83699 83726 83725 83766 83781 83694 83712 83707 
83723 83757 83703 83791 83760 83758 83712 83763 
83709 83691 83706 83699 83731 83756 83703 83705 
83701 83727 83700 83793 83697 83764 83691 83728 
83697 83709 83713 82757 83711 83695 83714 83705 
83691 83707 83730 83816 83698 83706 83714 83496 
83704 83709 83707 83713 83714 83695 83701 83710 
83775 83762 83496 83726 83768 83703 83712 83770 
83698 83714 83712 83701 83695 83732 83699 83713 
83709 83812 83699 83728 83724 83811 83700 83815 
83714 83496 83693 83702 83712 83705 83713 83694 
82537 82541 82542 82538 82540 82539 82541 82542 
82535 82542 82539 82538 82537 82535 82537 82535 
82539 82540 82540 82536 82539 82542 82538 82535 
82538 82541 82542 82535 82540 82537 82535 82541 
82539 82537 82542 82536 82542 82542 82542 82541 
82540 82538 82536 82535 82542 82538 82539 82535 
82539 82535 82542 82535 82537 82535 82538 82537 
82539 82537 82538 82535 82541 82535 82538 82542 
83756 83771 83728 83729 83724 83699 83707 83706 
83731 83706 83708 83727 83712 83729 83725 83697 
83774 83724 83791 83705 83701 83767 83728 83691 
83790 83724 83728 83695 83729 83730 83712 83731 
83496 83695 83769 83711 83705 83789 83761 83694 
83726 83804 83811 83706 83759 83701 83807 83697 
83806 83756 83727 83807 83712 83770 83808 83730 
83732 83787 83806 83706 83805 83701 83730 83758 
83732 83713 83724 83731 83724 83711 83706 83706 
83727 83723 83699 83711 83713 83705 83705 83694 
82535 82538 82535 82537 82540 82542 82535 82536 
82539 82538 82540 82536 82542 82541 82537 82536 
82538 82535 82538 82535 82537 82537 82542 82538 
82537 82535 82542 82539 82539 82542 82539 82536 
82535 82538 82537 82541 82537 82540 82541 82536 
82541 82536 82538 82536 82537 82541 82540 82535 
82777 82777 83420 82732 82777 82924 83117 82892 
82542 82538 82536 82539 82540 82535 82537 82540 
82535 82535 82541 82538 82538 82542 82539 82535 
82542 82541 82535 82539 82535 82538 82540 82541 
82542 82542 82538 82539 82535 82541 82536 82537 
82536 82537 82539 82535 82535 82542 82541 82536 
82536 82542 82539 82542 82539 82540 82535 82539 
82537 82539 82535 82542 82540 82536 82537 82535 
82537 82538 82541 82535 82541 82538 82539 82538 
82537 82537 82539 82535 82542 82536 82535 82535 
82535 82535 82535 82540 82542 82538 82535 82536 
82536 82542 82539 82538 82538 82539 82535 82541 
82537 82541 82537 82535 82540 82539 82542 82541 
82537 82541 82535 82539 82535 82537 82540 82537 
82542 82539 82541 82542 82540 82535 82535 82540 
82541 82542 82537 82536 82537 82539 82541 82539 
82536 82535 82542 82540 82539 82536 82536 82540 
83764 83729 83728 83705 83811 83814 83756 83756 
83764 83758 83786 83787 83786 83759 83756 83763 
83701 83770 83704 83769 83810 83806 83701 83704 
83760 83770 83773 83761 83697 83758 83805 83709 
83786 83810 83760 83787 83788 83816 83729 83697 
83814 83728 83726 83725 83704 83789 83786 83761 
83706 83759 83701 83766 83711 83725 83770 83764 
83703 83757 83809 83704 83761 83764 83804 83761 
83764 83711 83756 83729 83765 83808 83769 83765 
83787 83729 83811 83498 83756 83809 83758 83770 
83767 83758 83763 83705 83772 83771 83699 83775 
83793 83709 83770 83706 83761 83701 83703 83759 
83703 83709 83699 83816 83768 83711 83705 83770 
83756 83787 83726 83788 83792 83786 83792 83768 
83703 83807 83769 83691 83699 83782 83771 83787 
83723 83785 83763 83761 83767 83762 83771 83713 
83760 83699 83726 83772 83713 83725 83757 83763 
83707 83712 83705 83772 83787 83712 83701 83703 
83759 83790 83762 83771 83761 83781 83699 83790 
83725 83691 83728 83701 83765 83765 83701 83727 
82541 82540 82539 82538 82537 82540 82539 82535 
83777 83373 83777 83373 82535 83777 82974 82535 
83373 83778 83432 82536 83778 83284 83778 82538 
82542 82540 82538 82541 82539 82535 82535 82536 
82535 82539 82540 82542 82535 82542 82541 82538 
83790 83792 83781 83707 83723 83711 83730 83761 
83726 83815 83709 83815 83705 83713 83765 83787 
83768 83769 83770 83699 83767 83788 83768 83756 
83793 83727 83775 83769 83725 83763 83728 83756 
83765 83729 83784 83727 83787 83761 83697 83763 
83807 83788 83764 83807 83701 83784 83786 83787 
83807 83691 83730 83728 83815 83789 83775 83756 
83711 83773 83729 83761 83765 83762 83784 83707 
83809 83789 83703 83785 83783 83767 83703 83709 
83810 83765 83693 83804 83713 83709 83788 83790 
83713 83809 83806 83697 83770 83706 83781 83729 
83781 83723 83693 83763 83786 83726 83792 83788 
83709 83767 83758 83810 83761 83775 83758 83764 
82535 82542 82541 82537 82541 82538 82535 82542 
82595 82595 83096 83095 83096 82595 82535 82595 
82540 82535 82540 82541 82542 82537 82540 82537 
82537 82535 82538 82538 82542 82535 82536 82536 
82535 82540 82535 82539 82536 82538 82540 82535 
82540 82541 82537 82539 82541 82538 82538 82536 
82536 82539 82537 82536 82539 82535 82535 82535 
82988 82535 82535 82535 83802 82895 82535 82535 
82855 82535 82566 82535 82988 82804 82535 83802 
82542 82538 82539 82539 82535 82542 82537 82536 
83787 83783 83810 83806 83711 83765 83765 83762 
83810 83807 83765 83784 83805 83807 83810 83756 
83787 83813 83764 83757 83764 83786 83782 83697 
83730 83728 83706 83807 83757 83785 83691 83762 
83785 83691 83728 83764 83807 83760 83785 83790 
83764 83786 83697 83725 83773 83767 83774 83729 
83810 83770 83756 83498 83813 83781 83812 83769 
83767 83757 83810 83763 83784 83705 83811 83713 
83787 83783 83814 83691 83699 83816 83705 83699 
83775 83791 83756 83703 83810 83790 83785 83760 
83791 83729 83697 83793 83709 83812 83781 83756 
83811 83782 83706 83770 83770 83760 83815 83775 
83707 83815 83759 83785 83811 83775 83783 83705 
82536 82535 82537 82539 82540 82536 82540 82536 
82535 82535 82535 82542 82541 82540 82541 82538 
82541 82538 82542 82541 82539 82535 82537 82536 
82535 82535 82538 82538 82537 82541 82542 82535 
82537 82538 82535 82537 82539 82535 82538 82535 
82536 82536 82535 82540 82535 82537 82538 82535 
82539 82535 82539 82542 82535 82539 82535 82541 
82542 82538 82536 82538 82541 82535 82541 82540 
82541 82540 82542 82538 82535 82540 82537 82535 
82537 82536 82538 82541 82535 82536 82542 82535 
82535 82540 82537 82536 82539 82541 82535 82536 
82537 82538 82541 82538 82535 82537 82540 82540 
82535 82538 82538 82538 82538 82535 82536 82535 
82535 82541 82536 82537 82536 82540 82539 82536 
82535 82535 82536 82542 82536 82536 82540 82540 
82537 82536 82535 82541 82542 82539 82536 82539 
82535 82542 82541 82535 82535 82535 82541 82537 
82536 82535 82535 82541 82535 82537 82542 82539 
82535 82535 82535 82537 82539 82542 82538 82536 
82540 82540 82537 82535 82541 82539 82538 82541 
