45524 67103 64348 72043 57099 28644 516 49809 
60980 38232 13442 68209 44388 25394 15813 33339 
38958 27271 67740 51476 69233 43135 59288 38145 
23238 37801 48172 10414 59984 54389 42364 1189 
17796 7972 44367 82218 69611 47051 47591 16400 
28820 29729 7944 45435 4768 49546 26853 54104 
23242 80318 1630 239 82023 6025 55358 24160 
45389 76574 4650 60353 3983 70986 8731 34086 
4948 62715 12962 45571 12688 12562 13056 16132 
31378 57645 27371 42327 50627 59528 55499 66797 
53853 22537 52043 65930 70937 35604 27721 74167 
2283 69280 44195 51818 60356 6125 38036 81894 
67877 59189 51502 69587 73056 41996 2717 39957 
26297 2700 48701 59122 60749 80827 1245 49385 
68362 62480 42042 55672 41193 38972 51942 43973 
72791 59030 8550 57121 29749 3941 67294 56464 
55397 45459 81990 81999 41908 48533 55827 59610 
73614 23030 76386 26594 75775 21149 57944 48576 
627 26117 54093 27125 43726 55276 81356 40198 
56901 3027 24518 8650 8062 55654 31095 2133 
40457 45435 56507 73584 29764 71136 22133 199 
64716 8227 43949 1778 63356 70006 9070 44233 
27477 2375 80857 69631 69259 59277 5220 25905 
58024 25853 66499 3255 64093 73644 79922 61380 
14449 73862 75880 62142 78 30633 10504 28630 
24836 37748 59214 41374 36210 36075 81891 47442 
63604 8931 81118 33385 4976 68133 5385 74177 
6080 29578 11117 41707 4443 1905 45174 4768 
42070 26789 56294 42453 81454 62310 33263 19242 
3487 64241 31054 50316 44715 62001 55800 76361 
69705 57312 44206 8934 5584 42117 80464 70252 
34445 76992 69654 4326 4119 38909 70109 30581 
7947 29401 49378 43492 36719 43768 74520 34062 
80074 64839 41330 5896 26548 67147 74935 57052 
62717 54315 81717 51606 5289 436 8008 13899 
73211 26159 40757 50569 23629 26552 56664 464 
64214 7270 48045 18078 53950 62817 68720 34376 
64958 37675 48840 68730 19160 54334 63754 5479 
19274 81612 31867 44277 3255 63388 33077 54977 
47684 17363 59722 31629 53557 41524 2318 19179 
53783 68287 60773 81489 35664 55586 56344 8713 
41330 24719 32557 53827 65010 146 36044 40647 
14130 4740 35669 50611 35974 831 55323 61823 
29483 61748 71164 32852 37029 50557 53871 52415 
61333 78487 80623 537 48021 64732 20415 24836 
33632 22161 54795 34330 2530 16604 2729 2355 
60141 49828 67244 56755 61429 14096 48639 9240 
49484 31707 72168 37984 2473 79053 51828 34351 
64119 48172 54356 74641 42581 13692 7616 59987 
71391 73286 58187 63751 34344 60494 77120 61304 
17785 1033 18077 22131 41404 28378 21413 59555 
5231 54518 6295 58706 28067 44318 69877 64608 
5465 21449 6773 3193 72929 4588 3626 834 
42051 81224 504 59963 39462 47265 59089 50486 
81999 67659 39463 45761 50235 16742 55437 59298 
60335 43306 26303 44340 2254 39347 81753 44397 
81283 757 6632 81906 32693 5862 81891 61544 
3230 32265 70498 18607 7778 2388 20028 36229 
79195 1782 70268 50981 26506 44517 81463 55996 
13886 77772 82329 75672 29353 14987 51049 2228 
78187 10865 8455 74975 69933 77056 76917 76958 
265 64750 10925 76955 78084 45670 6205 76930 
49827 201 17037 19305 80284 80202 8283 78353 
5155 27795 10480 20349 44484 62003 3519 49647 
64393 81219 1896 60661 54540 20616 56200 77618 
4579 64404 56642 33949 8630 14097 72389 64641 
2979 4598 2531 69716 8594 22996 41100 59789 
54544 16826 67998 55238 64530 61005 7605 73780 
65034 31998 12182 38498 3921 41758 5987 6443 
13703 19579 36754 50850 37027 72876 45473 5465 
46759 49418 43732 71610 42086 39371 27238 53192 
29449 31910 38497 55752 365 39945 25919 5865 
74823 2604 38547 76259 38544 38521 34133 33622 
46955 47994 58261 67455 55645 47375 54769 71400 
81893 34133 81893 46562 78536 49733 39727 44388 
26987 69611 58813 49898 23224 81576 60599 43212 
44056 71637 64414 54355 34191 69352 67232 45055 
32208 7593 58195 2857 42989 2493 25664 27078 
81959 80671 2621 68637 48203 60354 55685 47836 
43779 27417 37447 2803 75969 4585 82504 47526 
45375 66053 45188 53862 2034 26735 54225 69926 
45591 24841 35669 33629 62008 8435 64489 10982 
70754 49397 78779 81923 22537 27525 47110 22019 
45455 33977 37693 82346 50326 48609 51913 37139 
55708 53998 45001 5270 51653 11166 4119 42381 
40383 13569 42282 61022 27018 46337 60495 445 
33737 74885 81875 62783 73369 53854 8111 17098 
57972 50742 57553 1529 81413 44052 74544 21864 
28502 50750 65620 58898 3804 11093 52676 8133 
951 33667 65148 5782 9106 3169 5241 1216 
64324 49806 78831 5166 17929 51013 13606 48691 
75933 63766 15781 58711 5211 29139 4507 74352 
5053 46263 46359 2906 5911 28651 55700 2794 
30531 21864 6999 2966 52718 25727 18454 16692 
34409 10517 33628 81999 62114 11100 199 62932 
2366 32547 49679 6999 8707 26942 69057 45860 
27721 10351 44399 26164 1035 82524 2659 7126 
7067 3988 73391 58980 63748 74621 60700 37147 
13623 56774 63395 68638 15759 7386 3240 67616 
58995 27494 72417 7727 50128 53262 48441 28305 
43463 10458 63974 10698 32157 45972 59257 14873 
3151 1671 67636 46491 49524 48474 59695 76655 
45476 77083 53591 61840 44891 39393 78939 65150 
30756 31197 46895 60855 14842 73791 60354 77444 
69531 64552 4550 51124 385 8517 3478 56980 
20415 71942 81875 11017 17796 81690 40508 3952 
61041 82332 29173 59137 40696 26215 65040 2836 
9157 61013 36348 57609 81956 78761 62332 4476 
57197 79943 49543 80076 13746 7979 75723 42172 
1368 62920 82035 1000 48684 4928 78059 4799 
16533 20018 7455 10810 55047 75992 7544 19626 
7679 39900 68477 30856 32213 21705 60688 42157 
51742 81443 43768 7065 57552 81918 50650 30823 
44743 43197 29589 33518 59740 33386 60056 8276 
59586 45804 40521 16770 66787 25045 40012 23020 
52033 39219 61320 28004 50393 32386 3278 40183 
46489 47576 78548 4127 77659 45524 41321 59534 
51018 59757 55395 68780 48712 40224 15760 64506 
3315 1264 1469 67774 1636 10924 3329 70552 
69300 33928 69300 65043 4756 55763 59543 11070 
8322 34750 81723 10239 44283 25725 6643 12668 
39319 40195 21423 44390 4768 4476 59916 9019 
20428 26831 61959 13781 38025 34202 47938 19428 
51093 68928 36222 59869 1811 40793 55923 55382 
13546 45733 67908 58818 69806 63611 56087 29693 
27714 42318 78835 45433 3975 81004 26849 63604 
48313 17450 16004 59076 15267 30644 8036 34254 
45353 74003 14300 63474 35712 48091 69113 38813 
6346 26029 67950 2370 52228 4655 1782 55536 
65283 49733 82356 7326 20988 52244 3804 71478 
41249 48832 67104 71845 33390 57116 3788 26777 
32405 80337 55586 62495 10331 49995 13499 43897 
6872 2637 63220 78551 72754 10919 39315 46815 
61583 58051 49317 47158 42183 39457 41582 43193 
81893 80008 56148 47377 22994 13789 4014 20859 
73675 4818 74262 15925 64678 60138 32157 29882 
49397 74455 74712 49759 41906 55143 992 81638 
75909 17809 32609 78896 22817 10832 40892 7973 
16403 58126 43608 40457 74208 60289 8382 22374 
51080 55893 44822 68804 66564 37932 37710 60982 
27126 55848 59845 48078 5825 11235 45524 56440 
26973 26313 41291 66005 79444 67649 57665 72672 
14529 14237 38565 70224 42525 52230 54540 20051 
81883 51567 35044 54305 57950 36822 58505 76517 
55881 3973 29868 8167 8934 78844 39786 952 
46010 1778 81572 10388 20375 37574 57727 39437 
30531 7995 45750 7102 25576 3448 49683 32987 
34493 44643 55590 31659 3255 60743 772 62956 
15835 12199 2070 15863 57167 72310 12286 74931 
64527 12566 4794 37571 8731 11700 12670 11216 
27598 58652 3169 66590 4939 28650 40457 44517 
4763 22275 49543 46107 48306 25898 11027 1817 
44289 4368 8008 62950 48844 56162 69971 79980 
62668 65960 54130 48746 5964 80167 44758 65294 
47443 61912 70151 69467 57479 53569 38388 48851 
56687 180 44179 82514 14367 53690 5266 20881 
61638 8555 44507 81781 45435 71718 7627 34094 
50850 6533 68092 55005 10310 10216 78982 32806 
53953 4317 54598 58402 8299 4882 35666 44758 
8523 33501 3618 6831 19476 30756 34115 44390 
176 62592 56965 29809 16815 14129 60359 35426 
39993 55384 68111 62423 59877 82005 30882 32796 
54561 43764 43888 51280 52822 59325 55242 65903 
61807 43888 59490 74975 34126 72198 27379 71329 
19059 50899 46268 55372 70512 2795 23311 27671 
29389 7434 74221 67436 68652 40358 34347 38036 
63869 26331 70253 2426 62280 58502 64986 43686 
74928 40691 48708 5726 39894 51858 54662 61544 
16331 63408 37671 50406 75695 56698 54544 17783 
503 49542 82353 39993 53526 30540 29558 55928 
2796 80879 53840 27152 57766 50146 43510 36592 
6265 51572 22387 33629 61225 55048 29899 67346 
48713 80546 51656 46619 72519 48576 59614 40356 
69701 5739 66429 7856 62414 75559 17932 58117 
15735 33725 55323 33945 55807 37246 34330 5919 
5849 7787 76907 27477 46314 50676 68532 6738 
41292 57037 7565 1404 40879 42386 74535 29800 
23270 4792 34881 35863 42656 18523 49765 28408 
61857 42603 11056 5771 6773 37377 33223 37474 
61159 5354 8350 42018 5987 81985 47197 4014 
26776 54048 72781 49783 45928 16591 6435 73782 
7547 67302 22538 39188 24098 60519 36883 18662 
82472 53967 73615 80888 73141 4467 890 29875 
80178 75685 82288 35957 4507 36191 61327 63032 
31998 68392 48056 10850 53193 51456 71355 57632 
10310 40457 71258 81013 22179 39277 34892 64904 
72490 67510 52796 51532 70122 6705 45992 58670 
45182 41884 5987 1092 31885 60530 32030 16811 
61734 52167 51768 48798 36821 16015 10271 40051 
4314 42651 71400 39742 67853 36092 27270 3711 
9008 62419 45180 72233 72240 72238 8406 72233 
37208 64327 6418 44458 47324 34416 46767 30476 
73429 1306 16118 38604 2713 33921 30423 32188 
38857 45146 20406 5465 40603 63939 32241 34750 
51469 18967 40057 22964 43524 67415 70885 55702 
42247 80298 67446 52717 9697 9609 5283 38808 
26045 2283 7203 24921 42174 38181 26208 45594 
14570 16265 49776 22226 2493 45480 76811 49778 
71610 25923 61977 51739 46309 5636 54613 66163 
42497 1085 8098 74194 61525 49578 6169 56446 
62841 40375 74441 316 3262 42292 53817 56531 
3202 71893 5302 30117 26241 48764 58197 60504 
75490 76888 4520 38557 80500 54723 3207 22617 
71655 1001 28178 40196 60335 2903 82511 35750 
70355 47767 16084 37673 60460 7476 45911 33121 
81957 41844 20167 5987 75895 55541 54048 2126 
71014 28220 72503 29483 8981 8303 45857 27527 
61711 63796 34660 37352 19961 17478 33433 33545 
62264 57113 34349 5128 76531 38695 32163 24959 
51151 4046 66057 44758 59025 27268 50580 48894 
57092 19731 42234 63206 81957 34788 44929 44632 
10857 11272 5539 32547 38229 38222 49419 61281 
58125 59370 38857 5291 18733 26029 55790 61921 
78806 54622 49061 42272 32525 3616 41801 77004 
42361 48052 49536 44668 10051 46104 82052 48747 
3255 29458 8443 199 24383 20 66786 43585 
66898 14031 73262 80709 68669 78293 67287 58507 
65660 30456 61005 80434 25204 37569 67889 30714 
39751 1929 5767 81894 53099 65043 68279 47121 
15211 49178 68637 31063 50262 63312 67921 14786 
1444 55550 5291 49827 30157 72436 49831 78237 
25770 43316 36841 55702 54356 64389 71531 11216 
82502 6348 5385 80003 40216 80003 51971 61996 
44523 72287 8665 12112 74771 2027 59234 27082 
11216 27493 78852 2681 30072 4836 30272 57735 
19085 48395 51010 69053 50773 10946 55740 32349 
28284 72259 72239 61711 10925 45557 72241 72239 
48306 26195 43794 51049 80189 69488 19683 35667 
21554 17731 40894 4739 36375 6625 70609 25118 
70994 76350 41595 199 21893 65864 52344 38472 
5247 38089 60107 42839 42918 46245 65863 45124 
57669 19355 49594 53681 3381 2773 57592 4295 
8555 754 79271 72627 46524 30091 61945 49411 
27539 53780 74221 18835 78811 40996 65440 23745 
18794 41540 5119 3316 32363 47109 48669 34364 
50237 70718 71535 49558 45370 73625 73902 69983 
47894 56806 7116 49807 4520 43409 5805 71916 
5767 46129 81999 52154 11912 80178 2858 54363 
47875 65589 16166 5437 60027 7524 19184 50235 
5784 54693 47120 12545 47216 62610 23697 41049 
34390 79000 5658 7094 54695 69985 869 65845 
53600 71255 15787 61914 24727 56093 10310 6799 
35712 5360 78061 40674 82376 56986 30360 4040 
70205 16604 49911 7976 51195 46619 8272 80258 
25957 57750 22410 66392 64096 2643 78568 68195 
22965 45178 50729 1905 55268 29729 8740 38584 
29191 35586 253 16742 6227 80995 26164 33493 
2426 14506 4431 15541 13494 3262 71912 14795 
16118 33143 61320 5919 52701 57538 1380 40162 
41680 80153 58382 65719 44394 57292 17530 11361 
199 72684 519 15843 82525 51797 51567 2533 
71278 24627 67570 13550 48040 46367 75255 56658 
35936 33529 25589 82031 2922 76718 81942 79090 
67277 60351 44425 76321 34515 54268 10330 60106 
53087 41955 66645 73815 26188 82051 47400 34092 
67191 38022 68062 42462 5385 47205 75732 81963 
65983 73827 13655 5355 36390 64528 81586 14069 
29149 3478 75693 15937 70205 55998 77020 9202 
59233 41838 78005 16587 5974 82104 12305 48403 
61972 39084 10708 38110 64365 43374 59185 71411 
52745 6806 75412 64870 48851 8406 51475 81586 
2621 47588 37199 24145 46279 47175 48052 5454 
5060 41996 57851 79921 28147 41908 55499 70587 
53161 72071 46036 31996 43895 60245 44586 30341 
41832 31926 59849 8254 81619 3028 77813 1741 
79873 42294 79286 38693 66208 51797 61645 26245 
53987 6988 14420 26011 63748 41080 43897 48820 
20375 29901 81997 1114 26689 50281 33151 68350 
24670 70038 59484 16331 21586 55049 54510 78954 
60380 60613 64983 81918 36947 9048 65041 81889 
8079 54833 2825 7679 60369 38793 44491 45979 
26510 45479 61697 79052 39312 7299 37835 55758 
36773 26274 23513 60158 37867 36876 17713 48232 
73284 13191 54224 50272 71833 63340 27859 60029 
79187 199 49324 44523 36952 3477 50054 47674 
77021 22103 64406 45926 79163 4723 57903 34397 
40308 24966 3169 42395 41937 9106 3104 3820 
3452 65040 44632 64295 81081 4382 80953 8104 
49570 81122 81219 56704 76809 13354 2196 2046 
42051 72167 45570 1264 59985 55566 81912 3835 
8905 22289 55135 9254 81889 81906 10139 71503 
60599 13518 25465 8979 27219 7339 70594 29740 
74096 32860 80598 6592 21537 68385 63480 11059 
52232 26196 37201 6675 76321 32536 42070 54347 
6435 641 53933 64803 6014 71690 51242 18727 
22965 44632 55762 26498 30463 4951 10250 26669 
44117 38478 45435 60359 1099 48560 32693 41719 
78211 39340 7472 23595 68455 63087 22965 41370 
34962 37986 73620 69456 31909 81437 62496 49798 
61440 55982 36210 57678 36227 21750 19160 81770 
49183 25751 6051 5687 3956 17196 19005 57829 
17450 80545 49318 22229 64577 46477 50743 29139 
59109 62931 36619 43380 51117 76304 47206 4711 
387 33784 25910 2596 73155 68266 39937 38604 
8906 51797 6977 15259 14880 81893 81889 54769 
5614 52528 26874 43508 4368 72443 41968 59745 
47530 43243 76374 57357 20031 55093 15727 38728 
16340 64314 70901 57272 25813 74771 7591 73689 
3667 79309 72611 1379 43973 70247 20002 34511 
2713 37501 63881 6806 16639 77601 6820 6303 
36822 27747 36966 1490 13382 22587 45939 53773 
6806 33518 8827 6806 6806 49915 60816 60811 
51797 3950 60981 22289 5527 4177 80844 1577 
8155 38104 35191 53826 5761 36679 74399 54134 
2903 3885 19706 74608 10682 57938 11416 81523 
60669 54904 23867 39215 4429 33932 57867 81938 
69109 67520 26856 55909 43774 76434 47448 16243 
44448 20712 53626 72411 51778 1099 72721 49800 
32245 15589 53098 32693 73107 75406 67075 44316 
49783 67176 59762 7116 45178 56052 68568 48491 
65965 77678 77351 51006 14500 3487 1539 46376 
8139 26368 50590 62648 7633 2170 46255 81918 
18530 29291 75674 51864 72435 27736 43911 2870 
33972 64805 27428 58296 75847 51051 8197 1014 
64227 11130 47845 51476 56874 38604 52991 73579 
68638 44159 1145 73056 48900 38081 28029 5137 
40879 21554 1928 54058 39534 37267 4650 20217 
41283 2563 57834 7716 36592 25853 47173 41967 
51604 54894 47388 51812 80976 34396 81889 2398 
37589 79295 9293 79944 24473 81630 15787 6451 
611 79732 63947 27249 30004 72501 79613 36565 
74664 47771 16322 50924 47720 25880 12423 27493 
45340 64256 28409 26996 65623 61133 50221 30522 
8099 8458 26942 28488 11055 843 50235 10625 
45042 48715 69049 4417 46970 54528 28028 62580 
68734 37101 76620 30329 42446 54924 3678 23041 
30521 47756 49883 17391 49891 62048 17630 76823 
46896 52748 11962 81527 34743 79185 65151 13612 
7109 67633 17517 56022 8851 44749 81574 55365 
6571 79812 5911 16747 76606 10291 25816 4996 
69416 66206 61447 51606 69402 78802 58314 22844 
59575 134 40705 77001 38752 41787 60294 40684 
73579 37854 78462 73579 60029 27668 35712 2345 
13378 82005 81892 54104 81906 48764 46733 54128 
38093 68021 69037 10973 3478 82229 29816 68884 
76674 2621 44720 8619 80869 47188 29348 48582 
18919 40207 41243 49442 41447 37114 46561 5197 
21035 64906 60190 79091 59683 26011 61166 67838 
10244 81042 49410 50799 80257 71816 6886 199 
1663 40120 38708 31483 65299 1760 58402 70909 
19991 63179 3943 73302 2713 58926 27851 54914 
72838 64947 1121 59689 62994 66610 72446 52578 
48239 48942 23717 4963 49069 783 48460 44831 
42379 62272 12969 12371 13060 12880 69611 8155 
68241 44905 59507 71008 519 76293 80093 63720 
864 14008 72883 27321 7275 81889 81906 34714 
59699 47242 3980 64169 62585 21590 70738 81231 
79264 80947 47905 3675 20969 51487 39191 37911 
67051 56162 8515 42205 81893 59317 1397 43178 
3167 57716 8529 399 38844 8322 50148 59463 
54566 5987 31998 60676 49101 16768 17530 44162 
47303 3650 5319 41242 2543 31531 7589 78418 
39840 54519 7798 2987 68590 11216 61973 56464 
32552 25544 59531 50023 44343 73769 14013 1814 
27790 15754 79990 989 8111 25563 37932 74618 
26191 81894 926 71376 46241 37828 43895 71680 
76625 34309 38441 64374 33479 41523 56956 69269 
81439 18207 35773 9187 36906 17391 16402 71495 
54931 64572 6944 36553 81883 60106 79137 18967 
81753 52112 78753 74634 73677 34085 36941 3516 
82165 892 2126 43212 51299 71 56022 30072 
1221 8971 75633 27514 51812 1046 81507 62432 
10431 42165 81915 2987 56050 60367 40013 4317 
43978 28965 70704 37976 71651 6313 49408 4706 
40058 63576 68543 81957 4014 57672 37360 59655 
5987 70874 40504 81889 40273 41908 56653 37976 
57099 40976 14800 15075 49857 72978 77632 46983 
45215 9037 49447 46217 45717 49149 40617 19160 
11946 6418 57612 74969 50929 48093 44954 3113 
42321 61378 37039 40297 59645 56280 54058 70268 
75230 38510 2713 643 34503 36545 61801 82394 
49675 11097 34137 199 21980 20847 42902 12312 
74524 56688 30531 81912 69045 37306 71082 28561 
38604 41088 7225 81963 38751 2264 55085 46950 
80902 25982 81893 5987 42498 55233 68089 52511 
50146 7728 70816 80964 30075 63077 81204 61921 
4598 68569 30985 6190 37295 40376 57818 51417 
77956 44813 68008 28380 60909 42351 1781 59111 
44466 704 46704 69824 65778 81499 56641 58545 
41228 27459 65226 67971 3660 3885 55549 30204 
24810 188 78809 1516 18475 80822 79952 37932 
80925 15760 44637 22233 37234 2459 8428 51543 
7973 48015 81893 64824 10998 13354 10429 80178 
2003 56023 65721 58505 81918 67374 67277 18845 
79186 25910 36963 6346 48197 10571 3126 40388 
8594 22965 53276 50281 5813 49883 49778 45435 
44528 51437 45946 30994 72360 65836 82058 5695 
45124 29535 68021 10973 2532 6645 55881 16206 
67341 28815 49625 40879 69664 8133 28428 21227 
29139 63258 20443 31886 39258 199 26561 1605 
40147 78675 59029 68782 22965 27278 82171 81906 
27245 56022 4851 63495 59090 81770 10973 54038 
50845 16103 81893 9005 27389 27493 7747 41342 
81889 6060 31557 49418 49410 45455 25437 40488 
37688 13722 43771 3033 10727 2197 43467 76653 
10904 81883 55151 39258 5441 16529 39738 59576 
79024 47853 72634 59011 68265 30712 49732 31573 
23570 3255 7431 76346 77020 7164 17530 69839 
77699 64278 55064 56028 181 82283 50065 19355 
36822 56881 57259 81889 19314 32423 66489 52394 
32157 74514 38695 8807 49831 19447 82005 50244 
60595 68053 1083 4507 50994 22169 13388 42607 
22915 38424 54332 6593 27441 32311 55074 41338 
3169 16342 55300 13873 3379 58054 14134 35487 
81889 28596 9571 9878 15005 30542 42381 48988 
34364 61153 26201 63418 42394 63077 29764 73579 
26653 42403 34031 16118 54280 63667 18828 46006 
8807 1430 3094 60396 61080 27157 69317 9106 
71564 68006 23058 37821 27769 59615 44071 78295 
58391 4598 37917 50342 15760 70891 19160 39255 
26960 38051 59857 57007 1033 34186 55437 52332 
56343 2114 81985 31998 27791 918 44547 22824 
65614 82150 10308 71632 48704 5987 26175 60279 
73069 64604 199 13906 42249 79277 42556 81221 
48302 65709 58962 47162 62695 81957 81959 48672 
5987 66542 53979 5465 1956 41405 67873 38441 
80705 38519 1502 44056 37314 2793 49665 42165 
15237 2125 68058 40457 73725 61268 67629 41875 
42053 69140 14020 68280 80357 74548 49938 63362 
39952 71797 13477 2714 49783 59466 42914 55563 
36793 76092 63758 43768 79702 66530 81830 40094 
72799 2404 82005 29555 71937 4506 77004 7192 
49883 67853 80434 6140 49679 13733 41290 7268 
5157 80254 46929 72124 34903 60034 81918 49331 
37710 4364 10541 78308 7439 40488 21171 42445 
49418 2233 32240 58406 52171 48049 52362 69562 
63179 43725 56162 52410 57644 11812 54220 11476 
24719 70876 50765 55706 5294 71962 48108 42044 
46733 65413 50031 38441 38361 73296 81777 57062 
68638 78937 2569 80207 21423 43569 69905 73114 
11133 21763 40928 40823 38161 33695 72678 26915 
3745 1275 4388 48047 68023 74470 73418 37987 
71937 64226 6060 62286 78789 62783 80492 70877 
59559 41420 59698 2734 74410 26485 21514 2734 
80545 54090 38016 68034 63947 68590 304 34047 
45099 50025 2868 82313 73980 38025 9206 50366 
52444 30173 12961 55923 26263 7386 12714 78668 
76856 56162 53303 7902 57544 49883 64280 26214 
21089 22233 58823 74215 27664 80356 4835 62959 
30531 1634 56994 41080 80282 65118 19622 48547 
57673 37411 15816 37354 23732 58611 546 78834 
3303 51143 32074 27802 74163 54870 67678 81446 
46004 4326 5327 48165 75878 73277 21514 2772 
15866 71464 75930 53942 70506 478 992 20749 
1451 6158 34172 66881 3982 33967 76792 4768 
74202 38254 38813 66948 963 20028 75750 22169 
22627 26088 27527 5913 1762 6019 55666 50851 
61426 26707 11087 10919 64232 45623 64693 11505 
25756 48767 70413 51778 20212 73933 4144 74404 
37440 20807 43774 26176 3937 13683 33527 27167 
8265 74740 34250 2755 4131 64180 47718 64204 
71191 55891 63637 14171 42070 47391 1438 36439 
72372 37682 3867 81502 6409 70840 68515 58539 
79569 22194 25711 19630 12293 55642 17453 12831 
18746 7829 7922 8099 37593 2139 3885 26809 
72300 37710 68651 53725 27567 4775 36976 71222 
32629 43768 82275 46704 5216 32610 41680 7386 
7902 49595 726 82175 75924 22937 50547 6617 
64369 75598 64834 5851 49516 76567 30626 2318 
44670 66349 81194 387 29461 16549 56489 8944 
51997 38907 74342 71632 5077 47804 13674 29321 
67849 2491 68625 59984 63964 12562 82393 36561 
35238 49819 1473 14160 5987 68132 68628 8522 
82229 50471 75777 50768 5959 35586 75269 36818 
53599 72794 61172 16168 55151 78249 62695 3169 
8317 9206 35941 52633 28276 26006 19160 1230 
1677 46674 25910 4794 56475 66402 17530 1527 
2301 55550 63413 37222 5042 45135 16639 23048 
22816 26847 26765 2788 2568 74757 47031 60450 
51383 76269 62340 80569 4811 54712 71913 59984 
58774 74964 1170 53531 78727 34481 57241 78957 
47851 47600 23359 28838 63529 81923 47845 4697 
70741 67440 16578 44206 32007 59644 8825 3371 
61200 38577 39129 64773 1461 32233 16677 17630 
54220 14060 50071 61963 31716 55370 5920 75974 
3478 71133 73314 76620 67680 80154 716 2862 
28014 43768 70446 2795 36440 49328 3641 19228 
75576 29718 6438 82033 78524 39113 52379 63007 
53534 82197 73527 12660 59609 82159 307 28950 
41405 79049 54356 49714 39359 49993 52132 9579 
4697 66137 43345 65046 29578 2003 69265 59603 
14031 64777 36375 32163 7716 48405 13922 60985 
3201 678 14191 3600 82005 7943 49044 4950 
62078 80924 74009 82068 76845 75732 50577 77163 
68744 9073 24948 9883 37715 46044 26522 2172 
64144 54912 75829 73091 5052 20531 35510 37255 
42824 33870 51797 77023 11948 76314 65300 10752 
25811 54769 36545 56977 2816 7787 2956 72731 
2134 68422 24008 43638 68186 19989 69579 22180 
75189 54226 40694 53562 71174 7085 26618 75484 
62991 63351 43774 2194 51475 3205 44847 64515 
1348 80701 71930 68084 38550 81985 51521 26206 
65691 26618 25905 54457 53920 10543 55839 52263 
49374 36638 81291 20137 53949 53798 40281 7399 
64277 61179 56935 47727 68869 64391 5168 26772 
60107 1090 69912 82371 47820 162 64782 4347 
29906 51191 60440 19421 4326 33719 80717 81897 
199 81307 57519 4792 9239 16342 75997 59132 
63496 3487 68970 199 26485 3400 49745 35096 
41799 51478 66493 53627 2781 4798 74189 11216 
82191 76163 69928 57833 36822 3961 23155 64206 
56162 26016 8218 9243 1697 59291 75313 11044 
32620 33629 78847 25223 78605 49665 80288 78581 
4768 36975 33582 20665 8630 55309 5987 4639 
44308 16094 842 56127 65815 46801 17530 1914 
68782 19930 40652 52775 24836 11049 69708 52866 
77122 48591 52481 67177 55609 82185 20712 61028 
34565 42437 37932 55506 81465 66186 2202 69500 
79853 63030 27051 18691 75847 49542 2941 5987 
73216 45783 54405 27622 34440 70671 1587 59487 
52237 61056 238 50943 43973 67638 65566 75482 
63945 61090 43942 47614 65086 45193 62978 43768 
26000 49318 20498 16677 63819 76255 38606 3667 
14202 55609 19316 56360 18696 6171 2399 52526 
44084 73639 72145 112 17192 11014 9013 42196 
1269 62912 13578 31705 18312 27800 25838 76321 
75864 36527 10115 591 82045 27018 36493 10174 
45972 44954 46216 35540 48696 47948 71988 64259 
16325 16809 16373 17372 19364 50734 18118 18269 
233 40893 42070 71052 20330 33559 39709 45507 
22662 10763 68517 5941 76562 81894 72109 16896 
3599 4962 5713 32483 73522 3201 34901 64282 
43774 57493 20442 53608 19458 9037 1121 58505 
63370 454 52706 25977 8128 61691 33383 1380 
55761 1426 73391 43768 10958 57544 32730 41450 
74006 70937 41908 63153 2077 5562 74722 4892 
951 81883 3593 35473 55137 49827 5549 7599 
8320 3714 21507 7845 16174 69335 80197 69255 
79873 30742 2386 70948 75861 78541 36357 7455 
13854 18923 26698 37037 25206 8648 26153 53718 
38347 55511 37558 59007 13999 23309 63061 77122 
40836 5432 34319 65665 32936 4572 81321 37641 
3948 4762 73732 29972 66947 81957 62786 49538 
20148 1369 15767 41327 11216 1121 44507 32611 
25417 13718 77076 60208 35773 74693 13685 76437 
41 20712 79162 19983 49543 42466 16144 49899 
79645 54140 7767 66395 45407 8614 59887 71223 
62373 61005 34551 40535 76845 50115 7783 56039 
78688 12970 42913 37006 13860 872 36930 68170 
71526 4036 73644 74710 25677 54704 61823 32642 
67273 5367 8815 61743 25682 81201 59184 63084 
49980 8033 59615 8763 47073 7455 80637 9034 
40098 69845 36773 52779 404 59234 2006 30823 
45759 11216 9106 63717 39263 81891 40208 59930 
47008 63493 41889 48894 46956 82525 10001 48863 
7302 27796 37932 50961 53699 39225 2445 64866 
50412 26413 6151 40894 6420 49160 82382 48609 
46203 48203 66632 26540 26408 6806 6865 46619 
26547 46642 10926 51680 62979 60812 60810 64989 
6806 65305 26585 26449 41597 26537 5242 26523 
27262 4598 36038 44110 72951 29590 64519 27352 
79269 5749 47461 19274 5210 27730 57287 9159 
35041 64203 60715 46298 10310 21906 78561 20874 
34711 4739 19314 24224 64870 5464 51476 58476 
21429 34364 39870 71651 2398 28496 21763 7787 
60981 79901 71603 5690 72108 36906 48740 33629 
40779 71214 81345 7374 33544 29161 76739 52523 
29764 24021 52476 54811 59251 1744 55912 8218 
25486 33513 33544 34256 37119 37135 33534 33477 
65408 67988 35113 36098 54542 39933 28284 39725 
78094 50296 78097 47249 45213 77054 76961 76951 
54693 57958 76941 76927 78186 78119 76989 78097 
5712 15770 6999 2509 78681 79301 54222 25648 
43953 14033 26032 56431 25384 1554 80775 30115 
26777 60730 74208 10021 72417 75335 59415 68231 
59200 6377 3826 5996 4507 48988 5053 26814 
55151 43212 24231 56396 25860 18021 65094 892 
45821 57062 72679 48025 8886 29719 82528 52633 
16311 23177 56508 41611 10632 6320 72468 36633 
51295 70032 53685 57051 33261 49809 29036 51522 
4876 41024 5438 16289 66604 65118 5394 16774 
45326 80822 73565 48521 8552 64404 17913 79090 
40198 63170 42466 73980 40202 38767 75829 58644 
68744 65590 1415 55787 43656 71531 46389 61062 
45396 49431 74255 6437 38433 43298 50572 74250 
1974 42415 10636 11166 1807 32250 60082 3719 
34077 57748 52302 44114 43949 6051 15056 38952 
81891 58320 82035 38582 1363 31151 10454 74627 
65368 29123 24160 24092 16476 48443 58516 50799 
45859 2976 53663 33772 34010 44155 51728 75390 
51320 81750 49599 47599 49191 19658 22663 52679 
2003 3681 171 70791 57442 19970 51049 71060 
48404 30445 21209 59777 59178 11085 50625 38353 
63418 81893 77835 10332 64214 45110 67118 3783 
59455 62807 5053 331 7801 76490 59937 11089 
21335 2764 50512 27567 61499 10442 82272 45693 
9723 4697 7455 4739 33143 81985 27025 75499 
56738 3202 40469 19114 1659 81962 78656 81508 
19529 16166 72028 49062 81831 19068 6458 53778 
48232 6916 62612 48777 65773 45003 7867 25532 
49819 36820 3207 5315 15666 50534 71079 71853 
49695 44079 29376 49695 55031 73923 3478 69844 
61902 66604 56068 45353 71550 76510 5945 33518 
49265 81446 76626 81321 57693 11147 75241 68082 
46086 40582 68253 30578 54048 43967 61675 9205 
58907 38816 71464 6060 46610 44056 14146 7724 
47265 4014 59365 49127 6806 33383 63395 8370 
62018 34254 29578 24133 12029 44632 33313 29908 
5484 46057 82005 34691 42580 69960 46044 18550 
40894 51720 49058 2753 39694 4291 39234 6212 
13140 52063 41211 66307 64462 42065 36890 49649 
55806 36435 885 38333 65047 78507 24336 13477 
34716 3281 6806 44476 60758 5749 5931 35264 
69844 79940 39129 40834 5987 18850 44040 21575 
75446 6806 6806 56935 25816 25691 81289 5339 
51721 9094 80140 60494 1200 26457 5781 80143 
41702 1660 8292 70684 5510 16677 77020 49695 
76825 26245 59428 3074 42580 38695 67704 5226 
45750 41437 46769 47976 16491 12441 17652 18127 
11435 38792 49324 57146 27598 64136 78899 70003 
17098 35712 73399 3818 32592 78312 76012 58068 
49966 20591 30579 37092 61347 9026 40457 25519 
3377 58121 76514 29217 38254 23178 31378 16436 
2761 60304 58459 40267 76620 67122 6916 5726 
14481 15304 15141 26885 60464 66040 57048 14654 
40055 35733 17803 57099 64822 45821 61808 31759 
61372 72368 34726 75604 62303 47255 44758 73175 
14776 74448 76031 82367 77123 77748 24689 81770 
1561 57613 9691 8039 78764 53725 6927 4083 
348 21570 10247 26697 67242 76160 14108 50441 
79301 8403 29726 51212 76562 80557 54542 8111 
66029 1192 39229 38960 62538 70934 725 80696 
12423 63184 1709 63174 17631 72264 5973 63335 
81500 14493 14994 65094 77683 81441 66216 20212 
77945 62008 54121 44388 2221 5987 31943 26809 
41088 78773 55229 78609 42065 6114 39542 62302 
13858 80492 34271 37287 33907 33263 33608 10598 
41930 65589 51001 10840 76090 54102 31283 45435 
121 82171 25434 33329 57748 21335 68963 80606 
199 5405 2479 5053 4388 60510 62061 82267 
26034 76604 8974 19412 74470 30043 13354 42536 
31629 51843 81990 45821 81755 47836 79233 27714 
77932 64345 37354 67948 63948 47073 24456 32163 
689 14832 69306 77817 24971 69750 32157 38889 
53609 47322 5719 33421 4711 22194 28409 33888 
25651 2932 7455 13943 13359 2988 11025 57493 
19230 8019 74798 69990 28678 70891 73746 27114 
36806 1445 63964 76181 68681 16094 21478 54028 
10589 38992 53110 41989 32807 26180 3020 55649 
30520 72400 13459 33939 80615 45690 58913 37180 
65952 3248 51795 72594 46654 21146 36872 19045 
25916 26889 61646 41114 5763 1494 46717 37370 
39338 47483 22816 43866 28320 51398 65398 1905 
58053 41172 73863 5283 36435 14839 68368 42578 
44340 73301 73828 19593 63950 73742 56830 74 
35948 26381 54977 60774 34326 71518 7455 51540 
11624 11624 44868 82115 11972 13347 13244 13335 
2621 38488 5994 69635 1188 55219 6414 50146 
49988 39611 6806 6806 8943 39615 38065 6806 
39437 4559 79163 59528 61172 35994 42065 37841 
4510 39165 72583 63179 4417 26578 32265 81675 
13301 60247 68218 5849 40902 77724 16033 8725 
20212 80902 31784 1508 7430 73069 21403 66986 
57638 33103 54254 8857 49679 7791 37030 27493 
50607 13370 71407 53878 80901 16311 37846 70765 
23850 40227 4731 75836 55382 39664 2834 69905 
47082 72237 68294 10469 72235 51058 2665 43195 
33629 5053 65323 62959 62666 52167 77083 68266 
43549 21767 65021 2478 55439 11172 54042 33079 
28409 80506 27800 29491 54795 11053 44936 3478 
1271 1235 26146 1144 10335 78654 62997 64450 
25845 47698 44469 25691 65519 36330 31759 78233 
62417 36445 63937 74405 51818 72583 50235 4706 
15727 77554 21970 28652 1935 81894 30736 77131 
39710 52836 2654 16746 81576 26747 63522 63602 
70323 8750 77269 6806 80144 70312 75122 6806 
74249 78844 74580 17730 39832 49440 33834 57480 
6806 13023 1920 55891 64265 6518 60705 21409 
36822 71651 75345 4368 52287 16342 3519 44510 
25434 59188 13926 38245 2363 55817 1409 40297 
45780 2077 43978 16531 16531 23078 34981 77020 
8649 7801 39126 0 76453 39146 22617 26760 
7790 80829 16103 48965 81783 74608 74057 34087 
56764 19267 43781 54432 26332 28451 71265 24237 
79479 54039 71503 79489 79457 79451 79458 15773 
45512 78710 65308 23053 46245 38722 60380 7817 
60809 6151 68976 78045 39742 6151 72233 45098 
38693 60194 44670 64388 6182 43946 3255 8143 
68022 59721 36963 67860 34802 80980 24283 68723 
10242 22617 22617 74675 26759 75996 66632 51812 
71748 23570 33958 20712 33229 27651 9281 47213 
59254 38753 78740 2398 7980 8900 82032 38749 
19683 11134 41187 42061 50030 35278 64864 45579 
73765 30882 39845 65040 493 62296 29178 6075 
67544 78244 76426 51797 60359 60552 54219 79927 
43576 32693 3563 61895 33505 6220 4520 25954 
15279 22295 4152 74023 77443 76897 26968 51690 
26000 18193 59550 13896 2398 2398 2398 30644 
8127 54475 76694 6977 78 57359 81465 7547 
68518 15550 10898 32693 40457 2713 15589 712 
45407 2509 79387 80019 9037 79367 8822 44507 
77981 49777 79363 79390 79396 8265 79354 43656 
30644 57099 34148 5019 57006 51049 64753 33629 
58230 18967 199 75787 2918 63523 81590 4697 
11497 55761 15800 7260 70336 30760 49690 987 
40359 25914 81918 15607 6270 14623 33728 54604 
62818 52146 2795 5339 16408 53147 68133 49452 
56222 80606 69613 7299 40705 72151 38645 51502 
60467 79761 62781 47834 79941 43946 71651 33386 
34247 33365 10615 45709 33381 36950 33536 33336 
17388 11627 49749 3741 67548 8296 7865 68522 
20973 54048 56162 36975 33123 38263 31759 19913 
73314 39840 54237 49546 53262 63832 49827 45099 
3478 26097 5477 65861 25862 199 2713 27277 
57099 59184 47363 74527 2713 59184 5339 68782 
5896 75923 7214 18387 75386 26310 39785 42065 
7049 14101 37872 71394 1147 74618 49931 2602 
5659 60462 70707 60717 359 13356 5296 1022 
14157 70823 40382 1905 10383 81371 27671 44178 
6060 80333 38813 3548 42629 63172 50069 4598 
63179 61612 26973 59184 63179 56264 63179 21423 
3296 11121 60522 15 65149 82382 1065 65440 
28007 37467 35477 77975 79301 54569 50050 38693 
43774 30678 49774 42502 36084 0 70754 2780 
73819 70681 7754 80974 78769 34295 79998 33343 
728 77393 37355 3706 26145 25571 61727 67669 
5615 56790 17705 45475 61204 71060 56811 3240 
24215 50804 55151 48038 2566 66941 772 48534 
20578 4000 31403 78326 15741 40965 72538 23041 
80778 38059 50742 47386 27262 47965 79998 74361 
3999 45124 49972 29719 50146 81889 11216 33113 
17771 63604 64474 81504 71174 56349 76371 56346 
9961 75940 17521 30736 10315 20492 2318 33616 
199 63488 53185 42046 2262 59016 3117 81487 
80500 49294 54048 4972 47388 44929 75757 2197 
885 52230 65094 80337 75847 3255 49546 36620 
70765 79090 46107 57479 81550 1999 1399 30200 
71856 59184 25902 59184 19998 616 59184 41652 
60033 6806 53493 35734 80666 60808 6806 6806 
72169 48398 37665 8111 38695 45424 43224 64862 
51797 2427 34304 78064 3616 34186 33941 27257 
30550 69253 71204 51469 48333 18446 48543 57865 
24316 23252 23866 31744 24391 80093 30219 34739 
57409 52025 3411 9264 54347 16178 51567 6806 
63275 740 16131 11216 6530 25544 70834 4035 
64141 58439 39542 57457 11171 31157 7455 41003 
12300 71302 70587 79941 31005 67813 5448 10271 
7480 60004 82175 52837 35312 36263 79443 6583 
34291 33441 34061 8292 45723 15988 3987 55182 
3894 76267 67715 74685 63091 63719 66214 20000 
17469 33452 5511 68129 34119 25544 33432 37978 
12334 49819 64536 60863 78283 26093 67135 5587 
33330 66604 76626 6180 52599 5319 39742 74510 
11878 1339 27493 63703 51080 81835 42165 23448 
79805 49334 57530 38933 60464 4659 30546 54035 
4870 27538 26749 54614 29172 62286 3362 22899 
34901 65332 60819 63717 70809 65973 52511 64491 
17388 49018 65777 20745 68229 65903 43599 1418 
70151 6368 19282 24391 72684 77998 51810 6275 
65040 78626 80284 53880 78711 59358 78624 78636 
36290 78481 69935 56032 34293 44488 31372 64506 
5708 2399 22289 60092 7131 4598 56658 60303 
199 57567 54423 33714 1361 2067 73483 51341 
7979 3336 65636 44736 69443 4632 14413 66183 
62661 41688 77842 49510 76675 19324 5813 67103 
5252 82525 24145 5252 7169 35667 57473 5252 
49777 52809 42371 7847 35817 58162 14630 46865 
28421 45709 67620 44209 40818 66988 1762 81468 
32368 26245 59579 5166 30109 14031 53951 69834 
46042 82150 22044 67370 78449 76188 78302 80500 
3478 51856 2650 3354 10315 43755 60051 33263 
20712 40696 51049 49489 82329 33629 75812 77083 
57221 30759 3519 26376 892 52496 33488 37243 
63370 65709 72300 57051 43642 5077 71190 46720 
1539 54321 79312 66748 34699 57557 4667 16861 
62389 43304 45690 65632 75706 669 1284 34279 
50624 68861 19089 46394 4964 43535 31470 38429 
51195 29037 80224 78070 33701 7291 59737 80438 
72372 27204 11226 74170 4566 52111 11417 42650 
4327 3255 16549 7489 74027 10973 5987 48794 
63920 59013 81295 63949 5942 57609 50142 5629 
27899 5942 7386 54024 65081 10383 64278 57602 
20858 12764 38247 63413 12062 73814 78855 4792 
44075 77829 33297 77842 2316 6314 37259 44484 
6886 45055 52212 6273 74893 72569 45434 67992 
67070 57225 5077 65040 59184 77787 2041 51186 
63041 10744 22031 4014 43768 33305 80858 45252 
5077 45401 75437 46648 33221 33898 66404 15823 
45546 28305 79892 38729 26973 75812 8298 8880 
56644 65543 81364 6051 81042 60599 34219 69802 
50326 72606 64858 43772 27395 68305 81948 567 
39542 9013 60029 17607 34145 28652 1905 10703 
9914 10037 43780 10271 9758 50624 41558 9957 
5288 51869 1044 71351 63272 28638 58956 76566 
37199 81053 5987 36319 33556 48792 33447 44970 
2945 49280 14033 46871 2328 10197 60212 50937 
64934 73004 30935 63324 42632 49697 6806 49794 
6806 6806 6806 10757 5749 6806 59184 59184 
4006 6806 5987 29394 42092 2085 59184 5840 
57301 42478 6806 60815 6806 4971 5301 4347 
77336 3783 77278 6806 21535 72231 57099 78713 
6806 39384 6806 6806 57808 38548 13433 32507 
74361 32276 7038 6806 47084 4040 36494 6806 
19126 23644 20838 27968 44466 31122 21862 32111 
6806 62057 8956 71902 14808 12789 6806 74416 
6806 763 6806 70579 6806 1500 46196 1340 
80130 77305 14410 7042 14591 15162 73705 6806 
6806 42146 64092 21554 44326 72396 15221 60108 
71365 9106 69892 50449 7019 25341 78638 45862 
39731 80133 6806 6806 6806 56509 79147 6806 
6806 52839 1939 58964 15620 27194 6806 842 
70307 64923 56606 1199 32397 56868 33081 10493 
64278 33103 34318 34592 30717 63377 64278 19249 
17630 1442 6806 6806 66052 19121 71994 4141 
81918 53741 75926 24089 25904 28451 79524 79628 
6806 80136 6806 80137 6806 26547 60800 64278 
45130 9412 44268 36482 44519 82237 9864 63272 
36454 16484 9411 76419 28053 44388 9736 67803 
65072 6513 8128 19502 43579 888 65708 43764 
34488 65361 32594 35383 18244 30132 29043 20867 
6806 10766 3255 6806 33339 6806 6806 6806 
6806 6806 37531 80299 6806 10173 58492 54693 
72614 25185 32719 16088 6806 19517 79219 79799 
35928 17738 31527 31598 19246 23785 31430 32880 
6806 6806 11939 61399 6806 6806 6806 6806 
81614 43727 11355 28665 65872 35322 66494 81373 
80148 66987 64790 77122 9106 6806 6806 66678 
74902 60633 6806 2343 69443 32507 6806 59184 
6806 28951 7280 6806 68466 12000 19149 6806 
4485 82534 60406 53035 59363 60423 63211 22158 
6806 57670 61642 59298 82262 60222 6806 32179 
12380 82398 21906 6806 6806 11615 6806 52125 
10454 65996 77762 10170 35601 32651 24758 34874 
32507 46232 78219 30037 11469 39986 75061 74032 
47531 70324 3015 70325 69564 42165 70305 70309 
6806 6806 6132 6806 6806 5942 6806 27730 
78620 78625 67083 6806 19426 61544 51475 6806 
6806 60800 77029 51279 68522 19579 20330 2908 
6806 46959 64278 6806 6806 6806 53878 16395 
51410 48293 64278 6806 54254 75301 6806 49544 
6955 13706 5818 81430 65209 63173 13207 79533 
11324 39606 48416 38544 64370 21424 73017 45524 
61465 5588 80123 24121 45965 61921 6806 6977 
51987 59184 11692 30843 28247 74543 2987 24605 
15044 15388 35477 43410 78959 70692 79329 14304 
70855 36494 37522 73431 10154 10009 10174 72697 
81400 80138 80133 75973 80128 0 43790 80122 
14630 15229 48640 15315 20132 62893 14823 14894 
78582 34859 80201 78630 80285 80202 78727 79793 
80141 80134 80123 80125 80121 80141 80136 80126 
80131 80148 80123 80119 80119 56868 66218 80133 
64900 79873 80136 48848 69646 80141 80144 80143 
16320 10194 38218 39279 79441 6806 6806 6806 
8333 6806 8956 79052 6806 33263 888 26792 
59360 8168 26736 80124 45797 6765 21172 68237 
62578 70475 45750 46795 38539 38534 72987 39615 
80148 6806 13697 80141 6806 17190 80123 75061 
2301 59082 62061 69284 54780 67193 63642 31417 
32507 58492 6806 6806 6806 6806 6806 5942 
54669 60811 60800 60809 6947 3836 2575 49690 
19414 20640 6806 72758 8080 26965 26513 66314 
27494 69848 52676 40068 43711 70587 37501 68038 
45545 66432 68006 2750 70132 63239 57241 82032 
34097 47757 2170 49178 48387 8151 10952 44052 
61980 75645 78448 8406 7134 26735 37633 80158 
49836 70827 53598 33401 81934 6322 4395 76517 
56506 5687 81697 51038 3445 64595 41433 8292 
37873 31503 33789 65589 16455 66216 70587 33844 
40599 28525 34364 5830 5077 2003 67964 41748 
67278 49785 45979 67843 13606 44844 6216 28628 
79479 79394 79697 40971 79386 79598 73633 79729 
39885 35829 75579 9097 27242 33901 65512 2674 
61544 45869 61921 45593 12189 16438 27245 293 
30612 22194 45130 41802 47446 51279 28628 40696 
54989 64116 2493 62988 40342 42421 62788 51693 
54169 34037 56051 71530 51677 67103 1886 77317 
67341 69611 4358 25696 26749 14213 67318 48503 
29589 3240 57479 68025 10473 6066 81889 35560 
38403 39836 56698 38434 38415 54173 58392 38406 
7116 69689 74231 64283 2621 4417 16370 8478 
74256 58492 57198 79638 26475 27932 38050 2585 
64165 5629 33537 32690 25691 10952 33713 77757 
67087 32722 20626 22394 22961 18574 67515 23511 
62562 62562 62547 62549 62562 62574 62124 62568 
32592 62233 11384 11405 32592 61107 62177 32592 
32592 62539 71169 32592 32592 62249 32592 45197 
17472 31492 50889 17300 28256 48982 48894 29269 
60453 2724 52230 23622 46733 5455 28965 9037 
47516 22922 74361 56620 40705 82528 47635 67103 
8815 60106 26421 34295 2139 1292 51677 199 
68133 45345 18035 78712 10066 55009 79227 73442 
53546 8956 19049 63365 35477 3354 82253 238 
78711 78586 78627 78860 78611 78860 74908 78590 
66794 79447 79475 79458 79456 79479 54220 79743 
27183 67858 33303 44466 46400 5053 37921 3694 
3169 4065 59252 60406 58492 842 547 10514 
17433 59015 47175 72320 69554 65616 55381 59271 
15759 47920 49668 77256 67071 32030 14956 45347 
22617 39442 43960 888 44122 42496 74456 72316 
44579 9883 9332 40894 9389 36454 9353 43867 
45549 9418 20212 1516 10133 9541 10152 9413 
9386 28596 67899 39411 50532 63068 9319 48392 
58807 9758 67720 9781 9310 80924 8985 40797 
36492 8880 36525 36502 9707 9951 47894 80685 
50981 9844 9405 9745 65566 9791 28409 9430 
48581 41636 48163 3229 41240 45252 5016 49683 
70587 74984 37031 82052 38519 17539 33740 8305 
37524 45110 34376 63604 25854 71462 49215 21864 
6889 50282 80273 72397 38059 43271 81642 69701 
21705 64026 34249 9095 41195 50237 33844 48621 
9680 43548 325 9356 45420 9630 42041 10133 
19586 53993 57178 75572 31586 48632 71934 48254 
70327 70326 39591 53577 42791 70307 70320 70310 
4972 41274 43759 54262 46326 47526 74632 49566 
22844 61968 36290 42042 77955 77975 2691 4443 
75579 28838 8967 45624 7501 47836 51049 45412 
65756 56870 23392 78885 5096 80430 46024 51708 
71462 37199 55870 29726 33916 44056 62969 6396 
47464 48271 997 76077 45574 79163 29530 60216 
32592 32592 19103 32592 1677 32592 68209 81918 
40696 24424 72397 30546 67372 49160 46014 43569 
33635 50373 34177 41868 76870 27207 14028 24627 
80948 34810 22200 49378 64989 366 37692 33283 
56702 8739 38017 72990 57769 79864 73027 75909 
46279 7116 32309 33641 33789 55726 34319 3867 
46080 63603 38933 39480 47486 72827 61791 26756 
59385 49778 32330 62611 60953 6204 6295 59639 
67711 62255 11377 54188 11381 55092 11417 67082 
58090 78481 74492 13613 57787 46784 70105 67711 
13524 82528 47684 29385 37199 46302 72442 66881 
32592 62223 75889 60772 32592 45197 32592 32592 
47374 52514 36819 76683 48534 59984 46499 33718 
71002 40597 42299 18338 16020 5171 56867 76081 
22900 41399 13852 17665 17586 19087 46716 16839 
7745 992 81940 63997 41442 69778 49501 26656 
63099 40273 61816 67995 72714 50775 7547 50429 
14417 15475 77594 15389 26430 65160 51172 77636 
26160 46678 44809 42250 25543 25687 18811 50535 
46837 36720 19716 67771 49776 66632 80216 75981 
44491 46497 33549 10418 30546 36752 20137 57128 
40696 33213 33297 3255 54104 33621 3561 65300 
78923 55839 80434 47090 45399 47135 47660 20442 
39725 6424 20712 28077 65589 43211 42502 58728 
63205 79334 76482 43344 81033 22627 38118 42334 
20137 14268 14742 14475 14626 46592 77818 45889 
81585 79098 53488 5784 54674 48301 62803 48460 
2078 59317 49685 13724 49241 45576 10533 27323 
74743 51557 58226 2328 72442 37405 49781 3519 
47560 567 6880 74221 68518 73811 47361 49781 
7003 3255 41810 46619 72267 4762 44276 21991 
71060 65390 21507 10829 46619 60589 39933 38693 
8153 17851 35968 2825 48177 19939 28744 27963 
24747 17786 37196 56772 24044 34589 29921 24457 
23194 63856 72442 81042 18166 31613 76321 20794 
54979 2713 21514 19694 60029 360 81499 35864 
40457 1409 18967 14235 61638 40090 74538 55395 
20200 28043 32472 55621 19174 23675 35649 28710 
32564 28288 42256 30364 20281 24200 35248 35649 
35410 28339 28028 19665 25121 61917 32072 5813 
20754 29806 21243 21924 16941 34468 25299 34834 
9397 2762 42502 2703 69541 2328 33461 13455 
45067 51778 65589 8468 63787 47275 47092 47091 
50221 28665 49409 45709 10331 48177 46483 67714 
47449 41909 56646 48165 6880 49796 47882 50171 
48988 39614 50761 38536 73021 39118 73002 56702 
77774 8292 54507 59540 4135 45476 43214 81630 
45966 42436 82306 34304 22019 56833 41908 51772 
74959 33842 12487 67268 80196 61886 25737 81893 
76368 23345 8665 66412 14160 77680 34489 51940 
20585 2026 33143 2196 987 48147 61801 8667 
34364 79301 56515 2845 29734 45428 33205 59814 
74045 66525 66525 68650 66525 66525 66525 68650 
66525 68650 80003 76598 66525 80003 76598 80002 
80003 66525 80002 80003 80003 66525 80002 66525 
2208 49861 13886 52243 9106 42652 48854 79309 
54479 49781 33433 43535 2398 5379 45289 71296 
65040 3600 47030 33481 32492 52305 20021 20000 
59554 40898 40899 67807 41935 41934 40897 40899 
34303 36937 48577 41010 79874 31563 61448 33885 
6424 32611 34901 78449 46107 27730 33481 82126 
14872 18922 7113 61430 59184 59184 42596 3487 
8176 59184 59184 76051 59184 59184 40700 59184 
71750 55033 199 43837 82052 51181 49346 72333 
78 59184 64426 59184 199 61448 78326 21452 
76089 9034 79204 21981 29875 78936 7869 26585 
11956 69113 3487 79331 59184 76087 59184 74685 
58149 49893 33901 33431 36685 59184 24817 59184 
18977 48383 7387 10538 48549 47600 59184 40215 
33204 80154 60634 33572 34224 47905 7430 69096 
29643 31705 70827 46359 81918 10571 54877 32611 
1136 69471 77764 6167 67897 56645 34079 45723 
3593 62550 65483 46619 62555 65490 65477 62574 
32592 32592 32592 2406 32592 61124 21148 32592 
16633 33762 45619 7902 1323 26195 58905 57054 
62516 47256 27045 48045 4326 65332 67917 54769 
16328 46315 69923 2818 42275 41962 45907 37675 
22091 71651 34714 19559 475 51077 70996 66851 
64322 73413 64870 80121 80121 80143 80133 80147 
8956 6806 80147 80120 80137 80132 80129 80147 
80127 80135 80131 80132 80147 80138 80134 80129 
51267 62472 45356 46716 64863 1724 55156 82298 
58492 2437 2648 60090 3478 1480 59500 43190 
39921 40366 5745 82267 75978 22125 27686 7201 
54624 53064 4368 56391 5909 56877 48718 13457 
66479 70324 70309 70311 70304 49622 70329 70314 
18623 45800 72473 28409 7504 41677 9177 55547 
62248 62258 32592 61121 32592 61122 32592 32592 
40101 35487 61127 62209 48708 13716 64746 49760 
49595 11393 11380 77088 63723 62289 11396 11413 
32592 9234 32592 32592 62225 32592 63184 62224 
32592 32592 62220 64725 11420 32592 32592 32592 
65490 8441 62547 62178 32592 32592 10453 81323 
32592 62201 32592 27270 10511 32592 32592 32592 
62540 36773 62250 17530 32592 32592 64643 19160 
65494 61483 70733 29665 32592 62564 61042 65483 
11383 62200 32592 32592 11393 68 11220 32592 
62546 62541 49980 65475 34364 65483 62573 62558 
62174 62547 11412 81389 65482 32592 62557 32592 
32592 32592 32592 79123 32592 32592 62289 32592 
32592 62212 32592 32592 32592 65474 31039 32592 
72904 62201 62206 61385 62203 62235 64119 60033 
10726 32592 32592 32592 32592 6182 32592 28818 
81761 49630 32592 32592 32592 32592 32592 32592 
32592 32592 32592 32592 32592 32592 62180 32592 
60982 66007 65490 32592 62567 62546 80514 62569 
32592 32592 62549 32592 35748 61117 32592 80890 
45700 47624 62226 27966 62547 62556 62562 62570 
62095 69646 62216 54499 47200 8577 80298 61376 
32592 32592 32592 62353 81761 61120 32592 32592 
62188 62175 5818 62180 61385 62192 62223 62250 
61127 32592 32592 32592 32592 61112 32592 32592 
61126 62569 62539 40725 62555 32592 61118 62554 
32592 3200 54912 62560 32592 32592 32592 43462 
62204 26318 62183 46051 19472 9013 62184 32592 
32592 32592 32592 32592 32592 62178 32592 62022 
62227 65486 32592 65476 32592 62190 62181 62568 
46942 62567 61125 32592 32592 32592 62546 81759 
32592 61113 32592 11378 29224 32592 60986 32592 
32592 32592 32592 62561 32592 62223 32592 32592 
62250 65485 32592 62248 75972 62216 32592 62539 
62549 32592 8422 32592 66007 62553 62421 32592 
32592 61131 32592 32592 81761 32592 32592 32592 
32592 62257 32592 32592 32592 64723 32592 32592 
62187 1671 32592 72250 61131 32592 62205 10698 
6167 47461 14344 6914 67570 63084 81619 67826 
59554 81753 39717 59554 39064 40897 4014 45000 
29954 45256 11174 50932 46966 40539 80992 7560 
71647 78367 4550 65548 45478 75645 39263 66575 
7430 29809 453 76286 1163 61062 77913 2096 
30644 58711 75661 73925 13374 4532 1843 26893 
3519 38813 39827 8437 13626 53799 40157 67582 
27730 72565 33143 33143 33143 2713 46619 81086 
34526 3735 78975 7849 4348 1886 47942 14815 
79301 65101 49566 7150 47120 65589 45723 59182 
45489 50813 28838 68092 48533 56814 35584 65361 
57516 26122 26066 58693 48972 39153 895 46424 
37365 80026 16549 39989 55149 81916 40282 20712 
45712 34293 54693 70892 42119 66894 101 50412 
14715 76022 31758 7038 82356 39664 52736 61847 
34314 78691 8253 45186 10546 36819 47217 4341 
44344 63746 82417 73759 33315 41394 62841 48151 
49295 1710 80923 79323 793 485 5722 13354 
81999 34101 63576 28477 54130 71462 68712 33323 
67026 25577 69049 3389 45571 50581 15608 20429 
43535 52242 49797 59962 59341 57068 48265 49779 
648 52037 80571 44447 63041 2103 969 33793 
65186 31219 20593 78682 46463 51013 50015 73088 
22194 44388 8449 6487 5464 66650 63725 2208 
45944 55438 70874 57328 391 34014 45213 81630 
65472 65486 65475 65493 65476 63047 46317 29698 
25637 5804 33401 36649 12436 49562 27046 5739 
69323 15759 49387 46604 69348 37819 1012 5621 
67535 8945 50071 5109 67116 1787 47367 60740 
73956 74257 2050 30660 11912 2056 7841 56935 
47442 28838 33580 65270 26307 44075 49626 63084 
46672 34185 45157 10734 45546 8486 33205 16311 
47851 63425 3476 34367 33886 48695 44150 864 
71471 46453 43229 75586 28838 47686 60050 48191 
49149 50388 34367 50903 9123 40846 63041 45182 
41606 7277 47423 52522 21424 80074 28409 67087 
81364 36030 19683 7732 50604 31836 38695 71810 
199 76620 6833 59455 18580 81770 81630 2086 
1724 65589 78691 46850 34186 51049 48484 61334 
52247 64265 4208 10774 74209 1690 77732 49914 
81959 33276 68551 33232 16028 1959 64615 65408 
34201 47540 34295 24264 44340 60599 2345 62419 
45131 44308 51262 44668 33514 37636 72210 46850 
8249 48283 59984 21864 8406 27082 69952 77275 
54127 41262 233 59857 51279 48592 48078 52728 
56830 48533 1886 48184 55653 80273 3870 61393 
34047 50922 30603 3255 64866 63898 39782 47461 
63275 6348 77207 66404 16742 21970 24263 33395 
3389 67013 8902 64370 68144 48172 68353 19457 
73579 2468 34901 26195 55633 82329 50412 50146 
37508 49139 52639 75192 52302 51913 7053 316 
6872 45966 32579 33635 25963 26490 65589 33618 
80685 27283 32157 54230 50905 18025 81892 45695 
47412 50131 69832 49069 5828 80074 46785 82329 
40882 61467 29199 34145 64167 68833 66125 33730 
8815 2228 44845 22922 33623 6420 29916 25817 
46929 33165 47875 47600 75660 34036 51253 65054 
37142 50063 28838 34302 40140 34148 72300 68010 
59943 22019 71738 63447 69235 7413 70132 21612 
58226 58688 66587 10571 946 50148 5352 9193 
73762 62444 58774 15806 34364 3478 33231 25850 
5536 16311 8612 23865 27292 45019 82127 28838 
44905 1224 71469 52487 54232 1473 4531 33432 
54380 77275 71644 40969 81684 0 33865 49659 
21148 54180 34215 72397 864 26687 74334 32181 
78641 46741 78848 81860 46619 66681 2129 27907 
48447 72373 58774 2825 69865 76423 51056 54104 
59655 47322 44359 6916 47968 68294 25437 19274 
58693 32675 40696 6889 33865 53430 3487 33349 
34014 43732 45807 25034 4711 25981 50673 9150 
67720 33623 34328 40139 52302 11038 33214 46102 
42033 33675 43312 5439 43511 73973 59325 55091 
58693 10367 33208 65300 26735 37578 8617 45261 
62777 13620 26470 37467 33476 44523 29682 60749 
51367 57370 76726 73775 33610 2262 34314 61980 
52420 27525 34789 50145 2228 44056 61153 44491 
4443 26128 25682 32730 31856 16118 20325 41650 
53484 33623 29199 25437 34241 60106 34096 6974 
70843 33565 49578 58748 64278 10819 20028 34005 
67917 56853 58907 47196 57856 72333 51109 54356 
48739 7091 42250 50294 6643 26687 41158 49005 
7944 10546 43500 72719 59334 45180 4520 33793 
33945 7791 66689 45435 75697 71651 22265 9397 
63665 77303 72398 7782 66632 67331 70081 76313 
48089 44002 33877 44942 10310 6420 47585 2345 
76236 31378 63809 48859 48474 28838 36619 47932 
26125 68353 2509 33341 45278 33275 77389 37284 
79873 34364 81917 48474 47835 55254 24586 50230 
26485 58492 45750 54722 56162 58492 5942 37336 
45717 79073 33209 59476 33760 10533 47893 951 
34344 35773 59184 5987 57337 5613 68810 59184 
3487 59184 32500 72038 59184 23570 951 6410 
27213 59184 68350 13354 59184 55092 10293 10274 
59184 59184 47693 45284 6806 13629 44654 2610 
30651 37292 59184 56443 33399 38693 13422 34901 
59184 59184 59184 69611 42729 34207 6806 78264 
2713 58944 78882 3844 33143 6806 4417 73980 
9429 59184 10102 59184 59184 59184 54979 55268 
59943 68132 3526 72446 5804 55709 46800 34714 
64137 60063 76438 39860 23125 18735 8609 76620 
68966 3870 52139 26882 49404 753 20126 70132 
10707 33553 3450 61531 55356 29789 69554 65361 
15715 10273 810 16591 14644 15253 20133 864 
45124 2077 57087 5053 33629 6607 4613 43625 
65178 6250 78264 22575 49980 64918 62841 12487 
33623 16801 78805 17145 54351 9250 63363 36773 
48474 42074 60216 76879 64411 41127 24110 46530 
49733 20106 80196 59963 74333 33309 28002 4169 
46544 8416 33912 864 25752 33104 45709 4507 
42661 50825 950 80548 45800 14120 62781 47982 
13620 45944 47249 62432 35101 71684 2458 7991 
45277 80697 51321 3240 59410 75741 5987 72446 
1558 76446 63179 5124 29875 46107 5810 37766 
64581 62122 81446 199 541 37259 21965 76823 
65537 46832 36790 34903 14801 61556 60401 8630 
307 67971 64278 26556 6356 68003 877 45373 
1657 64278 67820 64278 64278 11064 64278 2003 
3240 16354 82005 4602 76863 6806 68742 67820 
52460 64278 5218 22145 64278 80313 2713 45734 
54110 3554 55437 58244 64278 43768 25910 64278 
68467 25838 20702 34129 69611 68231 74226 2964 
19245 48185 80234 4507 1315 66851 49351 48655 
80003 76598 80003 80003 80003 76598 76598 80002 
66525 66525 66525 66525 41436 66525 80003 66525 
80002 80003 80003 80003 66525 80003 80002 80003 
66525 66525 66525 74045 66525 74045 74045 76598 
76598 80003 80003 76598 76598 80002 66525 76598 
74045 59125 66525 66525 66525 26848 66525 68650 
80003 66525 76598 68650 80002 76598 68650 66525 
66525 66525 80003 52070 66525 74045 80003 66525 
66525 66525 66525 76598 80003 80003 66525 68650 
66525 68650 74045 76598 76598 74045 80003 80002 
80003 80003 66525 68650 66525 68650 68650 66525 
66525 68650 74045 66525 68650 80003 74045 66525 
74045 74045 74045 80002 80002 76598 76598 68650 
80003 80003 74045 68650 80003 80003 66525 80003 
74045 74045 76598 76598 74045 80003 68650 80002 
66525 66525 68650 80003 80003 68650 74045 66525 
76598 80002 80003 80003 66525 76598 80003 74045 
66525 68650 80003 68650 3478 66525 30531 80003 
68650 66525 80003 66525 68650 66525 66525 66525 
66525 66525 66525 74045 66525 68650 80003 66525 
66525 66525 80002 80003 74045 80003 80003 80003 
80003 66525 66525 68650 68650 68650 80003 68650 
68650 80003 66525 68650 66525 68650 80003 80003 
66525 66525 80003 66525 66525 66525 80003 66525 
53482 60993 33757 2338 80362 62888 316 20133 
37749 59692 59534 76555 80410 34364 53744 33322 
44679 51797 45278 1920 72890 33508 47362 55000 
33315 64902 75633 8253 2179 34500 60920 3839 
71252 34254 52302 74361 61041 33713 6661 33675 
69481 75645 60993 74361 30891 26624 2067 23712 
74354 78279 10383 71535 14131 33713 81750 26862 
36301 62902 34194 20137 28733 7024 68531 33316 
66525 68650 68650 80003 66525 80003 68650 80003 
68650 80002 68650 68650 68650 68650 66525 66525 
74045 74045 80003 74045 80003 80002 80003 68650 
66525 76598 80003 68650 68650 68650 68650 80002 
66525 80003 74045 68650 76598 74045 74045 74045 
80003 80003 74045 76598 80003 80002 68650 80002 
76598 80003 80002 80002 74045 66525 80002 80002 
68650 80002 74045 74045 80002 80002 80002 74045 
68650 68650 68650 68650 80003 68650 68650 80003 
68650 74045 74045 66525 68650 68650 68650 68650 
48811 44388 67899 12487 82266 43656 54891 40198 
30456 29552 63051 9106 42502 53436 77471 63143 
59144 30217 76444 71391 39386 81875 66448 38693 
46966 33874 35560 19175 45966 10383 79301 11166 
36723 4507 16906 5309 64155 5155 52167 61801 
71099 43774 51614 54693 65300 5987 80234 3478 
16274 37802 48707 80337 38762 70931 67771 58004 
48341 67306 34326 64285 48531 60964 77955 7464 
26650 47757 36301 41688 8676 45433 69832 44116 
7116 44116 16179 43573 38960 45974 6313 73759 
45689 75757 8156 48884 51557 14344 3714 33559 
77355 26011 3923 49762 80924 46160 41930 7457 
46208 11216 33941 36290 47798 44807 2412 33494 
61258 2713 45287 48138 26260 16906 16322 17877 
43768 79941 65936 36401 47261 68590 77500 37599 
58085 59615 8988 46186 5729 29726 46036 33505 
69541 61024 75579 34121 64499 34269 53489 79163 
46947 65831 56368 36290 55893 46728 48897 63342 
8931 15759 38519 8520 23570 33565 34382 20792 
42068 63981 33401 53865 26973 3567 46574 45108 
39801 40354 76280 3567 41221 63365 47091 44181 
57675 47108 55437 26973 77692 33317 51049 3698 
36733 67071 66591 20325 65589 38488 3255 58197 
80003 76598 74045 80003 68650 80002 74045 80003 
74045 76598 76598 76598 76598 80002 80002 76598 
74045 80003 66525 80003 66525 68650 76598 66525 
80003 80003 66525 74045 68650 80003 80002 76598 
80002 76598 76598 80003 80002 80003 80003 80003 
76598 76598 80003 74045 80002 76598 66525 80003 
74045 74045 80003 80002 74045 66525 74045 68650 
76598 80002 80003 74045 80003 80002 74045 80002 
80003 80003 76598 80003 68650 80003 80002 80003 
80003 80002 80002 80002 80002 66525 80003 80002 
74045 68650 80003 80003 80003 80002 80002 80003 
80003 66525 80003 80002 74045 74045 76598 74045 
80003 80003 74045 80003 80003 66525 80003 80003 
76598 76598 74045 76598 80003 80003 74045 76598 
74045 80003 80002 80003 80003 68650 80003 80003 
68650 80003 80003 76598 80003 80003 74045 80002 
80003 74045 74045 74045 66525 74045 80002 80003 
74045 74045 66525 80003 66525 74045 74045 68650 
80003 80002 76598 74045 80002 80003 74045 74045 
66525 74045 74045 76598 80003 66525 80002 74045 
54644 40955 41587 45202 80894 53232 2197 54769 
8956 78595 50919 78607 80283 78859 49069 78579 
78711 12487 80288 78622 78612 78610 80343 35403 
69460 33816 35477 67446 59050 11045 48443 48198 
34417 25704 23622 33349 20126 59376 8754 33551 
80003 80003 76598 80002 80003 76598 76598 68650 
80003 68650 80002 68650 74045 80003 74045 68650 
76598 80003 74045 80003 80003 74045 80003 74045 
74045 74045 80003 76598 76598 76598 80002 80003 
74045 80003 76598 68650 80003 66525 76598 80003 
80002 74045 80002 80003 76598 80003 76598 80003 
80003 76598 80002 74045 80002 80003 80002 80003 
74045 74045 80002 76598 80003 80002 80002 76598 
66525 80003 76598 80002 66525 80003 76598 74045 
80003 80003 76598 80003 80002 80003 80003 80003 
74045 76598 80002 80003 80003 66525 80003 68650 
76598 80003 74045 76598 68650 80003 76598 74045 
66525 80002 74045 80003 74045 74045 80003 80003 
63734 34101 45151 20314 68491 25963 55633 42158 
78126 78161 4916 78174 76940 77045 78127 78147 
71 67341 49578 6273 81163 1351 6140 48349 
65589 61467 76713 78536 67783 27651 15873 67950 
28233 67268 1293 50456 43440 76562 51049 55853 
27207 59281 67417 52430 10310 1235 47213 45178 
45289 79163 15951 10387 37921 8577 25637 78443 
79600 79646 54625 44527 42044 24263 47246 22767 
3230 79666 44056 48739 64246 23041 45531 7712 
45675 63454 46619 45820 33465 43312 78675 2202 
80003 80002 80003 80002 74045 80003 74045 80003 
80002 80002 74045 80002 80002 80002 80003 80002 
80003 80003 80003 80003 76598 80003 80002 68650 
80003 68650 74045 74045 80003 80002 80002 80003 
80002 80002 74045 80003 74045 80002 80003 66525 
80003 68650 74045 74045 80003 74045 76598 68650 
76598 74045 80003 76598 80003 76598 80003 80003 
74045 80002 80003 76598 80002 80003 76598 74045 
80003 76598 66525 80003 66525 68650 68650 76598 
80003 76598 80002 74045 80002 80003 76598 74045 
76598 66525 80003 76598 80002 76598 66525 80003 
80003 80003 80002 80003 74045 80002 80003 80003 
80003 68650 80003 76598 76598 80003 80003 80003 
73193 8815 57516 62806 25682 78295 1278 32898 
81578 72636 73323 68092 56935 61990 65566 7716 
52121 44351 3478 60029 63333 37284 46741 68583 
3906 57323 3543 47614 33541 81875 82035 62684 
63899 14982 70375 61189 48696 65667 80214 42334 
58614 44388 26066 10267 4984 10387 3644 61403 
57612 45360 46057 39193 10784 64278 10651 42478 
70004 6424 34417 9068 52695 60062 24258 50932 
32003 81875 50406 785 202 45687 40222 67058 
67116 1371 3478 45723 73811 38955 31905 63251 
77842 6295 75974 13937 81042 49826 6167 46160 
60325 43459 49230 68310 63064 44341 77364 81934 
81356 69535 66200 3788 46559 40100 1634 58160 
27487 66591 82450 71810 3255 71252 69097 63809 
8815 33339 34261 65368 80781 32003 44202 47381 
47863 72247 64034 38648 33694 32675 3255 35055 
55705 42275 73811 7116 34892 3371 62419 59963 
43967 67278 73088 45800 68564 34307 47681 54262 
56492 38084 45512 17631 45578 81042 72687 63041 
48847 45698 46803 64391 27082 41076 38690 61394 
