3262 80925 4762 49685 65762 46374 41044 64414 
72442 34714 44388 34901 26066 26125 56853 81893 
77808 40786 70081 54380 82288 64615 25992 60453 
74361 36324 71945 3776 52231 33421 76347 43795 
54351 30389 1904 31221 55674 47245 41790 79874 
75732 888 28409 37411 2997 36733 38488 46042 
25820 45401 43768 35482 55931 31563 22100 59500 
33401 33508 34277 34042 33591 33553 21864 34085 
12104 81957 56911 13162 770 12717 12543 13349 
80530 75960 2166 51955 43929 75281 81889 57295 
45625 11110 41255 27620 66074 314 21705 10391 
52476 53718 11032 76638 26667 13442 74929 57876 
32133 199 65612 59029 3623 81889 29875 53974 
20402 69962 25016 16490 76220 2567 34344 59790 
43973 34689 82412 45733 58735 14161 8902 63527 
35772 15773 78036 76363 69753 56473 81471 51729 
67571 68855 44752 19813 81959 51385 201 70004 
29843 82138 18226 72062 34495 33761 6112 68378 
7388 3944 43723 8241 80483 46603 81507 10441 
1656 19052 53761 33758 67736 2832 6855 26398 
61938 38782 15816 8484 1340 79921 72071 55609 
56765 36915 26072 31833 32901 37157 11133 49530 
70335 53947 76040 45990 80574 59086 1380 13617 
18654 67552 39715 3765 49941 53563 76219 49647 
3169 35518 66582 81999 72032 56513 2218 253 
22617 4715 16308 40035 390 6765 55414 18407 
76370 49211 36536 67709 40316 47945 61288 36201 
38902 50699 32893 18439 43576 66901 5248 35421 
5979 60462 56294 43774 65349 39815 66579 8572 
56379 26056 37680 1309 38863 78978 81802 3166 
20969 51191 8661 70498 36277 51083 5184 1707 
53496 77122 79424 19449 32099 26832 2342 65554 
30281 9052 6744 63627 5351 26749 67837 66546 
50316 69479 49419 63941 32893 4034 1959 7793 
7527 80191 78724 80045 25892 5221 46754 63588 
1656 3027 63717 42287 74365 29628 26603 45353 
33657 33647 27440 43224 37943 53939 54037 73802 
55213 18630 68772 62986 8593 56002 40393 71335 
199 3066 2430 54316 9181 36951 54316 10429 
17439 41970 19470 18482 45407 11216 43988 57310 
30889 45434 5550 5311 10363 62940 199 73493 
4447 48172 1873 29259 73233 3322 56002 46899 
38333 11044 27782 36680 352 4021 30008 34881 
44021 11248 69631 5995 52419 54367 39941 198 
63637 67721 80565 65756 28113 68531 12676 75513 
45759 36401 1577 16646 20329 56641 53714 38703 
1975 54144 44145 854 25803 17814 36787 75192 
4202 8831 72252 10938 13 72244 8705 26122 
36649 2062 55586 39911 43774 73461 66197 79170 
3479 69657 3029 56960 20332 49283 8624 30302 
51768 45396 52444 5849 55685 1022 49563 26975 
6632 5465 42591 43774 6632 56829 45124 60185 
68781 2605 1622 10554 13778 65850 1259 72658 
64924 21134 62991 13408 52399 21918 65023 63308 
27213 16742 38519 38519 8562 27213 38519 9013 
73579 56579 66898 10959 18270 63958 2150 17705 
1035 55380 40267 81891 3806 82005 51932 44632 
3967 68804 65880 7730 16168 16217 48876 65090 
80316 67417 39675 32626 25893 21236 65831 28533 
0 0 0 0 0 0 0 0 
78200 6124 26115 8508 81765 78187 78194 76965 
23486 10618 10607 2894 10909 37556 6124 26111 
71649 2092 5336 58590 67548 349 45759 38878 
2686 63637 43873 2151 7973 45305 62489 22777 
2186 64119 74011 52729 35669 41926 26230 24092 
75827 811 66510 10953 31352 74079 78679 39215 
72131 33608 10938 59370 9110 12014 56345 2647 
53908 5110 31202 8055 29341 7605 193 13605 
2039 26773 26423 1035 79163 69826 5987 52294 
56419 59371 28607 64131 49408 5354 8518 51913 
68166 70689 43539 28067 69404 65909 30728 7116 
4206 13669 44991 71129 61800 73533 7174 17084 
2494 10701 19645 71990 39623 11096 33912 5499 
13354 61408 60755 26263 4385 9079 2244 42578 
0 0 0 0 0 0 0 0 
185 58422 74751 81891 10239 27080 54769 79301 
79840 63044 5283 5482 27340 80842 16545 48943 
50899 45124 81894 47853 82005 27112 28912 16691 
1616 73815 7848 76574 66988 66998 10850 18891 
0 0 0 0 0 0 0 0 
0 0 0 0 0 0 0 0 
0 0 0 0 0 0 0 0 
0 0 0 0 0 0 0 0 
34349 37120 33911 33379 34318 37113 33937 34174 
5053 16131 45433 10625 57563 44134 2473 18964 
4802 7065 55151 32099 2126 6661 74100 23215 
56870 61337 69715 31378 5849 19902 18871 30222 
47168 32064 47811 8382 31665 45873 23078 80359 
79090 65713 80403 31503 4811 43294 74740 34024 
68534 54042 72341 53157 23497 72315 8197 55152 
11686 11880 12876 18257 62074 38618 12868 67982 
16322 57399 66360 40738 54038 47461 55982 26565 
51590 28180 75105 75010 75008 71651 4904 68399 
1035 31991 5166 37894 6348 57099 7910 7633 
35586 13521 58240 35091 61212 38703 16650 38811 
45434 56419 71961 9228 25813 48172 45435 76457 
55382 1035 1912 48078 4069 4728 2713 2155 
26474 29693 28162 52323 58537 18642 9242 54544 
30864 67174 40191 3431 26961 56457 304 4135 
53916 59089 80434 75952 42064 28 60897 68091 
29 5501 2665 9234 72240 10802 26108 57637 
72263 10527 10637 23601 63184 22868 72239 57818 
0 0 0 0 0 0 0 0 
8656 15365 624 14806 80566 22116 55006 14597 
79232 18603 48378 30113 37085 80093 29694 7605 
72071 19073 81020 56980 70106 61961 67105 73140 
28573 5987 78723 54162 42070 4972 56152 3240 
60024 68782 46044 7430 8128 21253 9079 162 
73579 890 71409 74594 924 24339 19343 82048 
875 14027 7869 64835 691 64778 4007 67796 
61570 54545 14045 31094 56002 1658 29321 52324 
6899 26799 21854 19160 27518 89 3146 2581 
33108 7455 55103 62980 42130 7554 4068 76510 
26248 52131 72253 33440 73213 3389 16435 21420 
66451 175 35677 36037 266 9395 3254 22974 
42478 29666 40879 81417 26474 30380 776 59985 
49492 40940 42044 43932 47637 81641 81665 46305 
43768 34065 36565 81544 7159 18387 70931 52419 
6104 9256 32330 1224 1068 53500 36796 22137 
37501 31829 22590 43885 10620 37322 81938 70811 
5433 62801 37778 36892 54464 5916 47729 6941 
27493 37917 69175 8698 34901 62536 50940 66882 
48259 65499 74221 49538 13377 60435 33917 74047 
17954 79121 54389 6594 3094 80846 58621 50983 
40866 42065 2903 19160 66852 27153 43646 9088 
22844 2592 5987 35 50844 81741 67594 74685 
8515 33561 81894 25927 22229 31152 39375 71243 
6916 20167 36819 76087 41109 49608 253 81371 
58133 32332 14144 6172 41003 44470 1715 51007 
23712 2077 37 24362 10685 7591 79910 82007 
55692 2238 36568 25806 4546 59516 74050 51467 
78758 32493 55230 323 27973 1295 31689 38710 
4460 79106 30082 76097 74741 73099 29764 52037 
57078 13362 15786 58291 58297 57254 11024 58051 
14169 38242 27532 4877 20826 55924 15786 16177 
50803 13474 65399 58700 38488 49668 3743 63347 
49137 75876 55338 22998 55176 58617 28787 877 
9013 56738 34357 4362 40397 31286 4928 64192 
41138 8956 6581 68533 9107 40075 49546 57748 
57183 316 51686 53864 45719 8099 45551 40273 
72343 66598 4094 55092 13192 49166 23089 72043 
75155 10428 75008 5019 76792 4280 75180 75056 
365 40670 75636 8343 29816 9145 8534 37145 
44632 36151 5987 199 54193 20137 29374 6604 
31704 2218 69077 2561 10939 1354 5367 1597 
54530 7031 36127 1419 842 23324 3703 29061 
6917 71528 8909 75951 73830 35477 7682 49324 
2997 75325 22085 27999 60021 51502 22199 57017 
30828 26398 59831 64082 10968 1640 39545 2671 
58817 7079 48357 75313 70106 75607 54586 38813 
3474 30072 41489 53993 7072 78911 49419 45435 
49543 37767 2621 36573 3658 81957 70365 70163 
29584 33189 69385 65089 31885 71751 38413 5880 
15846 31666 25417 4039 75248 77158 28621 78658 
69485 2755 65889 73489 63957 81499 30613 69454 
64376 5987 73489 67075 4144 73295 4280 8155 
65040 58001 6374 72540 63814 76277 62092 70951 
79152 76428 45838 61902 38758 1930 78850 2318 
64953 49324 7901 1249 75639 5945 34836 68978 
3494 33373 48900 16103 68748 70345 40068 5032 
4398 59849 35278 6598 52230 67343 65040 2915 
73988 10941 199 73616 75908 21991 54038 73129 
52787 57126 59574 49794 52760 36930 63072 37143 
57546 62061 7062 51504 37199 59669 55550 56867 
41163 43656 5339 30456 55609 4349 69330 36930 
78419 76145 17326 66675 37264 53675 11124 2647 
75481 62346 6320 30445 78668 17807 81648 8230 
13869 15915 62938 51678 40572 74213 19578 21999 
7341 56002 21089 39120 21089 2564 8130 9070 
36429 19160 26087 60243 769 41753 8821 53864 
42214 45901 22116 38833 40885 41754 33629 57673 
80434 40457 63702 22617 31350 32713 24216 39305 
61202 44056 1832 43400 38265 5926 61290 64738 
637 199 37917 81627 4598 78472 52153 9120 
26359 6494 6103 65545 3386 38804 33601 67807 
73243 2965 39310 2543 28615 70534 75278 27541 
20843 78305 16060 75830 59848 71359 38881 29617 
73447 40742 61612 61439 62264 3925 28851 67583 
34236 37300 33415 33388 33413 33410 33454 34853 
45407 3478 49776 4816 7302 51984 41833 27080 
18967 2262 49831 15773 16691 21537 30823 10367 
66098 4130 10645 6744 4969 8420 65847 2354 
4876 26703 54604 21554 52992 35773 1584 52962 
68189 7698 76875 6873 74348 52394 1199 76852 
547 3255 42370 51049 28139 4650 7222 181 
5113 75216 30882 44758 73021 76769 76821 41421 
199 3020 16131 46035 1183 11189 55092 56583 
14031 3390 65094 71724 69385 55311 62298 76347 
63370 19847 30004 16560 16168 45580 18060 16279 
59434 39742 72250 72023 39221 10590 10505 63974 
63246 72237 4174 72233 72023 68 5973 72250 
65094 50316 77020 46270 56555 19958 66298 50145 
81891 49668 64454 48518 48172 28746 25915 54126 
37932 29578 40457 56162 40116 47767 46152 49900 
40273 47767 81685 25768 26548 74981 45797 16774 
50630 70004 28579 18967 5784 21089 2003 39884 
261 6435 28746 1085 3061 14120 6278 13471 
3394 3920 1959 51295 37101 56022 57339 39834 
6437 50075 72634 27851 59857 48685 8015 51246 
5252 1085 49683 26809 49543 3255 32157 31882 
51677 3262 60029 48467 64454 24286 19641 44158 
37710 51572 44632 54038 22617 16131 26703 49749 
49890 45869 44632 49305 438 2578 55335 3948 
8346 52400 75189 4706 52599 31553 47694 6313 
67977 5754 1966 60675 140 7656 56482 65824 
51797 51958 8737 6999 54048 29552 56710 3262 
55923 479 66396 20573 76671 54398 50765 1630 
37641 2758 33288 2726 44116 38729 27428 14142 
33832 74499 62844 9566 33636 68180 56327 11163 
6608 38235 38222 38228 4016 75340 38229 38221 
68 68 68 68 68 68 68 68 
68 68 68 68 68 68 68 68 
68 68 68 68 68 68 68 68 
68 68 68 68 68 68 68 68 
81139 46211 25312 48795 44441 52642 18258 47656 
15490 30644 3255 5106 74552 14847 81771 14731 
67376 8815 10523 19160 40513 11216 5987 20843 
51464 30173 69774 14066 7342 66070 20973 3681 
13852 76324 39290 53296 31885 53101 2454 70004 
14562 46520 50421 14903 66573 36741 77319 50240 
58402 32759 33629 81446 81894 82175 43774 81858 
42371 55930 56181 78524 81879 15963 48557 34254 
9068 44056 66525 6783 64278 73327 46654 29212 
32715 13478 71801 61778 76853 76163 60060 65983 
41302 1306 49948 81912 16002 63173 19476 21863 
73429 63173 4044 67227 40722 9162 55260 72282 
10649 8416 26121 72249 8449 6444 10884 9234 
17848 49808 2917 67082 613 42331 3555 60052 
365 67229 26462 72 61268 71703 71034 4199 
37531 61914 29481 8880 25606 44873 21161 57262 
71991 65053 36554 21658 38203 62430 62418 66364 
70059 68134 47186 31932 59937 271 18971 7997 
45119 35185 50200 66659 25509 80305 80932 77208 
60452 16447 3454 13821 71115 79069 49759 8692 
26160 23873 28041 70365 35712 13065 25615 18305 
54206 64527 75273 61921 53640 17630 6008 54500 
78789 7682 59234 9254 8008 46218 50084 29483 
199 69611 29558 45124 41908 51979 81889 66846 
81630 66138 64696 19122 28392 18547 19529 18851 
44480 46448 69844 42019 42059 48107 50074 17933 
13587 39112 39534 60265 72042 53675 15731 26583 
64686 74167 19412 53763 36087 68898 35712 69990 
73922 44056 77421 80337 15032 26430 14399 1306 
27760 64400 2651 38979 8271 8830 54762 10595 
69270 57560 55296 54898 44491 16380 55153 55239 
60755 70887 55987 63472 1061 76566 73579 36819 
57602 26331 34901 27890 74685 2428 2077 44079 
6583 7633 69390 2509 21759 41743 7281 13374 
62378 81371 5749 331 14050 48520 5213 4598 
64822 78053 81346 55437 41597 24773 71651 16084 
59184 199 199 78 59184 78 199 199 
21335 6314 73378 48552 64208 19535 45323 19073 
36545 68158 3740 70182 24145 51770 74679 58787 
78 23301 64571 65090 8815 38980 78 3715 
19160 5987 7026 54903 11270 34394 56275 31779 
11208 54038 45440 54104 54423 4157 55952 76887 
236 5656 76041 4292 80958 73705 39909 63860 
59888 81959 4697 16591 73573 57813 45307 36527 
81295 4233 36972 20312 33451 82208 47966 17630 
26605 10454 36886 54977 30819 18387 2786 37370 
76867 43830 37642 53030 78720 34321 8406 6806 
79605 79488 79593 79415 79458 79438 79725 79602 
54038 6042 17444 51572 81959 54429 71562 28171 
69559 16067 4507 11274 49899 67689 38808 80678 
49324 66989 50023 59507 54254 72003 51614 62761 
26157 28062 69516 14028 63866 2549 5931 70205 
6975 77747 7543 60902 77733 18655 77291 18965 
22686 51527 82528 15743 67343 52360 20386 8039 
6981 58735 38604 33469 41933 75909 30456 63784 
77985 26618 75037 40348 38349 25597 13646 79688 
68018 74373 76036 9534 63125 67548 69322 61465 
58500 58984 72379 80178 76050 65518 16677 33582 
61727 75328 35482 3519 4409 1920 38479 38604 
2262 2262 2262 2262 2262 2262 2262 2262 
53879 10454 11216 54791 9292 39825 54698 9106 
79114 3844 51991 57474 74061 17803 31759 1406 
3643 50789 20137 31629 669 55437 25895 70610 
23570 78402 26991 53798 19386 42386 27129 68511 
44178 34569 71651 73579 57378 5252 5193 74023 
1722 3118 63720 4045 3264 64713 22232 4630 
39657 74627 22184 67082 58361 17530 58053 3748 
50869 69055 316 6155 72852 50126 40702 43421 
29587 5153 32840 70361 30252 72784 61459 59592 
46619 24727 37123 19586 14017 81912 76574 59977 
59164 28847 49836 16720 41043 81914 270 7199 
3202 3908 57075 54853 17937 30863 67001 14088 
45750 7734 49770 2104 81915 41967 44116 33629 
4428 22148 50808 51079 6734 51702 9274 64581 
21580 68534 55961 51678 6437 23590 522 26202 
81999 59001 73945 82185 40198 81893 81891 29287 
67539 70814 7222 16604 6153 52302 1192 60142 
1769 53960 43383 72400 52430 65270 35738 67706 
57544 44246 4858 67269 62413 56644 34366 58879 
37259 42042 902 7595 575 5653 58418 3404 
70141 34117 31139 3885 55425 81990 70141 58656 
4768 31388 71651 76655 7950 81893 60643 80246 
82394 7633 52364 19175 25763 58793 74443 55605 
70901 14031 13474 62061 40824 64454 8741 74360 
57102 66590 64601 79901 81216 60029 82008 6609 
78654 72563 55248 74472 70922 2509 82523 59852 
9243 62286 63198 5738 8887 68104 71801 22233 
6806 6806 5942 64278 6806 6806 32506 6806 
72997 63370 22289 2530 375 65960 8155 5533 
8160 69112 22575 45811 42553 45780 39150 16363 
41826 45190 37547 2426 30773 63576 10842 60216 
59699 29394 60846 59994 36052 81775 2834 25434 
57659 66953 29694 81653 2882 73948 71108 16730 
6451 77945 37619 63131 27004 5816 49647 82238 
7401 67058 2530 16103 8965 59449 55642 35510 
5918 29764 78867 7116 7436 73796 62142 54683 
72375 81999 15185 15276 78459 14761 14458 79123 
81957 52098 29066 81893 26539 43768 10250 64264 
60710 44671 9013 44706 42446 45490 46859 17711 
58776 29361 39663 13606 14127 10692 55229 61228 
13554 81244 6069 541 34785 26356 5983 8597 
22617 61005 76323 16203 58324 52156 7380 60228 
49776 55151 52763 7302 5315 41996 45353 52302 
7430 863 26267 41370 26430 40704 29123 40119 
63041 60798 63179 36015 17807 4509 8233 5184 
75202 75562 37589 4678 16287 3420 71655 10335 
65040 79581 79502 38791 72881 35391 79691 66604 
549 28989 71057 73213 9779 35712 1160 71651 
53941 58263 21171 68356 986 2578 55328 10898 
2713 2713 2509 134 80888 134 16591 2713 
81870 65524 25364 40222 48976 47058 56503 70865 
29597 59500 54734 6270 60029 21038 5392 60029 
72089 69096 76450 55407 78029 8945 75568 7197 
26618 46050 76792 8819 73980 3023 78764 66276 
69029 48145 4778 59071 27329 34974 65920 55082 
69356 54790 79162 68754 74199 6346 59323 73650 
70741 57883 141 10676 5008 73980 1549 2206 
199 55082 141 55047 76108 7707 3247 28013 
57325 69667 80591 13839 13998 63109 54668 144 
49270 48123 81918 67935 34420 24451 199 49721 
39542 5053 37362 37362 5053 5053 5053 5053 
80665 39190 26406 3996 61489 76033 13978 7599 
46107 2491 5833 43260 57099 3478 27648 5669 
54356 37904 81894 6420 17688 41613 64957 17611 
2110 9259 54740 32454 67718 55921 20856 11184 
20807 82394 72670 54389 3478 64506 37199 4779 
307 80500 3478 16591 60029 5990 16425 2713 
61546 7943 56021 40767 39578 24939 79934 59689 
63887 16900 67285 4360 78408 10402 54776 31152 
61503 12934 11544 12088 1551 48992 65878 3008 
49975 1915 78975 78462 75350 7284 74470 27487 
69611 53558 54104 46619 63576 365 81963 22148 
68481 69146 77153 62018 40073 4270 51913 44076 
67170 21881 2086 67394 61064 38639 25115 72308 
81906 80075 69262 22234 59164 24649 43561 23041 
72583 61764 81999 68990 57368 74685 81207 30064 
60029 82185 3255 5749 81999 81630 81316 73690 
67971 51563 3740 883 66461 8729 2521 67971 
55962 81883 19146 47145 58172 53554 56115 41420 
65209 76510 3366 6693 7962 2262 1174 40188 
7629 31787 38068 8637 79982 59491 75353 5053 
46715 5367 46920 40612 71797 48540 48952 60029 
60536 54038 9068 1605 7853 47853 81959 60901 
16833 54206 57532 45089 79269 72721 40421 5308 
1264 67485 57099 54522 13613 27664 81963 44632 
67056 37652 63564 5567 76606 28013 1022 73676 
58622 26703 61346 56653 54831 45146 19274 67200 
27970 17530 41908 5252 54254 10350 65841 54038 
28746 51522 26424 55900 32157 2003 21488 892 
7268 11184 27824 46619 6270 38813 70607 24925 
8098 70866 55753 7164 46077 61345 32483 61556 
32611 53957 67971 27996 56049 58713 81985 59449 
64506 15043 14331 77706 15487 27851 77870 14313 
49844 48038 57404 49307 46425 66287 47275 45437 
67142 68094 62816 79707 79219 20137 32483 53378 
1605 3169 181 81770 199 33629 3255 6944 
63179 44537 30264 1553 10820 181 5987 71651 
11206 72408 1677 42845 25970 13825 42780 25312 
80829 54347 54389 82079 19160 3478 73902 74685 
32506 50630 51522 51081 51146 47206 25223 48306 
21991 19499 32613 4330 39187 76814 4697 68694 
35436 199 2713 181 4598 6060 76517 61921 
26332 59184 59184 59184 26332 181 59184 59184 
4009 6830 1491 818 4921 532 4815 6414 
46043 74514 62962 19709 71909 16905 16754 43704 
15821 40876 1345 72479 67971 27591 69219 1514 
76401 4722 59298 26245 56457 8225 37675 3913 
47627 13606 73588 38896 47598 38703 188 29875 
65022 77183 70700 7973 44401 30378 10429 3845 
22617 255 26747 51926 51522 16208 10653 61086 
52302 37807 1461 44265 16436 41499 44116 16277 
59372 49668 30823 50449 30985 49819 46733 49570 
65983 53988 7445 62453 52792 54769 28745 66671 
7038 5053 38960 56658 60519 62888 17450 18702 
56595 4507 27253 49439 5243 1046 2645 7455 
58745 81894 31290 26196 59156 5636 23570 51797 
57708 2123 77122 81858 81889 27664 30433 71027 
69611 77020 71651 5690 3896 18371 55200 3997 
5987 58648 5127 4520 64284 24105 51295 607 
5060 8460 17796 41996 1014 40504 42249 49905 
43511 42249 54769 4449 960 56751 2318 54254 
1581 3870 50781 75732 2218 38991 55758 10250 
81770 3169 64209 58648 3255 81883 54254 70028 
81963 81883 54968 81963 2283 76455 81906 81891 
45099 46050 41475 56069 5339 22194 23542 54128 
28652 60161 67374 62318 81894 9106 53639 54038 
17450 81889 9106 4883 56549 5155 55550 81970 
81959 32157 6295 55982 62318 30048 51797 67374 
57632 40488 32157 41996 75946 81999 65040 25825 
3478 54533 81914 81891 57099 81883 41908 42249 
62432 42064 39074 54772 4112 54332 13797 81889 
81770 45891 17530 58147 54152 81959 35423 4326 
54332 62383 46264 71672 64904 32321 5987 69611 
55541 31705 34714 55541 81894 3255 5411 78544 
17480 9004 64126 64067 69236 61823 9069 11062 
5479 75210 14031 18630 25990 37675 61090 54104 
52444 43774 65674 70678 4742 54276 57515 55298 
56738 69055 37477 81770 36701 54894 10653 32483 
55496 27256 27839 29850 38808 27262 1473 20013 
33508 34880 20375 54104 18722 64481 21497 55420 
7499 5868 61481 27045 24790 51023 23261 2801 
199 16131 60106 40198 55563 74679 30239 81957 
80705 5987 69844 69611 75732 30454 80888 199 
7591 641 81892 199 3714 3202 75600 1754 
8034 81892 4520 57099 64962 69611 3169 61087 
62388 5987 65040 23570 27647 57833 81918 63717 
3179 82104 65672 32396 67374 3678 81894 82175 
40457 41996 64685 58402 57099 17530 81889 54104 
24931 62318 7420 7196 81918 41996 41996 76354 
75276 62788 82504 13613 3255 81891 32693 66278 
68414 2872 59378 10678 68071 81307 82302 40369 
2139 40437 54986 60527 41554 52302 2491 27279 
38849 1090 23570 409 199 31503 32287 10239 
66768 57311 74610 74189 67633 52577 37725 27163 
81191 36277 54791 69661 36777 21335 59936 64241 
60484 35901 28606 35210 36038 56989 76845 67761 
64423 307 2713 5077 59234 82524 7607 26188 
82394 38043 6315 13576 41481 1173 65815 39069 
4973 62015 199 36943 62286 20749 25456 39944 
992 81894 39944 69654 32505 6201 58068 2177 
33434 33867 37086 71767 43121 33903 42711 58518 
199 38971 80056 62654 65208 62964 22347 79136 
76199 199 61823 69848 81999 3255 60029 4131 
9157 59682 7094 80185 5987 5405 65350 13521 
37362 74800 13583 82394 70035 635 56375 69749 
28400 78614 78618 20137 3478 69611 56711 78587 
21653 65210 199 27148 66706 75226 60784 74919 
1414 29595 35278 55131 42357 80032 31391 50850 
543 9264 24966 54540 25855 70407 69116 31935 
23553 63576 238 81456 75696 70418 4417 37570 
68957 79288 60023 71287 58739 32908 41601 17814 
66258 15762 36773 57099 74618 56500 27487 35712 
5951 63137 37791 70437 21998 70605 63340 35426 
65040 66259 29224 56687 8636 74771 23363 25544 
72474 7590 72806 76635 70901 40546 70417 9106 
56275 43524 8008 1577 55489 20807 5441 7137 
13893 6833 19160 81908 37501 22686 13700 26777 
82525 5987 69330 199 64202 5300 27153 37199 
2398 7902 2624 78237 63666 65353 68082 33629 
73199 27942 79681 73596 7195 2372 40267 79519 
62852 2491 68672 82191 16113 55550 76655 73579 
2713 79840 80979 20881 27833 6060 49695 72684 
79859 20486 71212 3487 78524 55680 209 82275 
199 5987 82185 78028 20391 67853 2094 82005 
25817 63720 74463 26779 72333 2491 38250 74025 
4792 76464 79123 8008 29461 73980 63179 56564 
4368 8724 36433 11458 199 3478 9292 5387 
14074 13805 43416 52074 46754 52439 82393 199 
36633 199 51797 74610 11216 20712 20712 3169 
67805 64426 10239 37064 8813 63179 20137 51309 
2578 4417 16639 1877 82525 69911 7547 81999 
56935 2283 66590 19160 82185 82185 56935 56935 
18630 78235 24556 5987 4793 74957 73939 4014 
65040 1035 5405 20442 50781 80534 57748 49452 
72321 5594 41533 44834 71212 77555 42047 22816 
82221 82247 72258 75207 56935 73890 4749 72479 
34903 27756 5059 7000 81770 46107 253 70714 
9711 36825 20409 9670 36475 2491 9715 9728 
7104 51733 67809 36292 79274 10021 60758 3353 
35238 5294 46107 68408 16591 52578 40461 63179 
1105 16180 72710 76530 54141 199 56228 69984 
56859 16287 11444 8219 77154 59210 36152 7590 
5226 3240 2363 25855 2363 75732 64278 32353 
82140 4368 49152 62302 80637 1905 10225 26772 
199 63179 199 3478 19160 63179 39129 199 
199 5987 3478 4697 4697 3478 19160 5987 
16113 5020 7038 6451 21575 8292 33143 65040 
51797 73461 49083 49242 49073 78477 3487 54347 
14031 82394 6833 38695 11216 34901 199 67633 
76225 17142 77122 2026 19000 5297 338 3255 
63087 4417 2491 71462 5987 682 27671 39129 
16865 44056 60774 79292 68784 20847 5563 78783 
74361 199 74361 74361 3478 74361 74361 74361 
44491 29123 21864 78696 62682 74325 44491 82414 
50570 25880 78282 36530 55487 5077 81959 73862 
80942 6571 79219 76378 74427 3339 38808 74798 
75475 76426 6564 74544 2585 28653 73406 82182 
36295 6564 27245 199 55807 74470 77187 10655 
21547 51279 41792 67862 61576 21906 79209 272 
2077 74685 4697 2713 823 199 3478 6437 
56366 6451 37589 77158 199 1250 55260 863 
64277 11232 75878 1908 28840 31503 75684 38813 
6714 63179 199 4697 3478 46619 71825 67075 
199 3478 199 3478 199 199 3478 4697 
3478 60510 4697 82171 3487 199 2713 307 
199 60029 18387 199 18387 199 60029 18387 
2713 199 199 199 199 2530 2530 2713 
438 61823 30863 25437 199 13781 3478 63179 
82438 82438 2509 199 2509 2509 199 82438 
199 199 199 199 199 199 199 199 
16311 3478 5053 3478 199 16311 16311 5053 
59984 65040 4417 199 4598 63179 2398 8880 
80500 7085 68782 7897 60029 40139 7633 2202 
6534 762 5405 7607 2610 51582 1701 37627 
75847 2713 199 2713 75847 75847 75847 75847 
2713 3487 72684 72684 6916 2713 2713 3487 
40455 58663 1356 63499 45435 71317 59079 57682 
36798 44857 54456 3478 67769 32179 37199 52579 
17277 54306 201 47767 63668 60752 47767 5646 
34368 8304 8000 6002 3783 55588 7386 34104 
41613 4598 75451 31301 2316 25472 22935 62358 
34219 5579 40527 18858 58674 2734 64188 26489 
9650 9942 9321 52567 9488 10007 9932 10045 
40402 35540 6537 81017 81572 67833 5556 26863 
16820 17123 18868 16813 16764 17052 18085 19016 
0 0 0 0 0 0 0 0 
71710 43401 65283 38291 1984 43385 36003 43358 
7513 73522 38813 25768 78048 60510 3478 1537 
22148 81161 75782 3714 11093 78268 55685 4291 
65552 36249 75951 76548 78907 27732 59234 39102 
34901 56079 34901 79825 21864 2713 13478 55550 
80509 13665 73105 76776 2110 74504 55401 2826 
39695 5749 75586 1380 51563 4598 1278 5749 
35055 7845 19641 9264 16591 911 51475 5011 
29100 65769 56774 58121 52202 5774 67030 5446 
82219 10614 957 957 9013 27114 7455 9013 
35771 66233 79222 80786 66857 33544 56031 61537 
40167 5339 67337 20000 51419 33513 55852 44756 
53725 53725 4040 4040 53725 53725 53725 4040 
599 847 35262 5367 64278 26556 20243 82469 
74685 37768 50844 17388 21807 68937 67041 20062 
307 307 307 307 307 307 307 307 
307 307 307 307 307 307 307 307 
307 307 307 307 307 307 307 307 
67633 67971 64116 26618 64278 307 25691 30082 
55047 22025 37522 7342 81034 81253 69118 4598 
5053 307 59184 307 5053 7944 7944 307 
4841 54408 26294 27671 63711 315 6454 26351 
76002 31643 3169 81883 81889 3255 13354 81894 
81893 61915 81898 32157 17530 4878 42381 81657 
45031 47119 48603 45215 45426 49014 50655 47048 
18457 31142 10973 6366 5135 34311 82528 1605 
26530 26566 6865 0 26569 26393 26449 26413 
29313 6151 60797 60819 26547 60802 26379 60799 
60807 60808 60822 60804 60800 60622 60817 60809 
26530 26665 26381 6806 26589 26547 26512 26537 
53630 34778 48047 50928 57002 50272 38429 58521 
5749 40431 8941 15770 34364 60029 22105 5749 
6806 4024 34946 41194 42478 61399 39986 51140 
3404 53708 41255 57983 7145 53930 51664 72214 
71546 16059 16380 76154 62362 2135 28496 74023 
81507 7268 65772 966 1920 494 6921 7899 
72511 76491 67982 46284 38943 4417 49731 358 
2903 1487 1807 13558 79982 71324 365 67836 
10596 37139 33883 33540 33298 13424 10781 37333 
0 0 0 0 0 0 0 0 
76919 76949 77064 77049 76925 76983 76981 78158 
77053 78159 77048 76987 76922 76924 78146 76963 
5288 5288 5288 34901 34364 34901 34901 3487 
43595 989 4851 43498 73451 4851 14197 36232 
73295 82186 16591 16591 408 64506 67633 53564 
28652 17607 3602 58160 23570 62061 13809 63957 
32506 32506 32506 32506 28746 28746 32506 32506 
82367 33536 74039 45105 33506 39742 22930 39742 
39542 772 39542 772 772 39542 772 772 
76199 69844 79763 11171 79249 33500 13629 65887 
72760 1593 76000 27303 51885 16289 72123 79990 
46592 47013 47538 47536 50085 79609 41567 44590 
58644 78793 8490 31665 78847 44763 7262 1157 
80359 79151 69113 4911 41392 78283 81413 41700 
10058 42580 9692 2202 10123 58492 9366 9817 
63385 1807 10555 13387 10499 39125 32370 8597 
0 0 0 0 0 0 0 0 
32793 40305 74214 21844 81959 3255 35393 33629 
7299 56131 65209 63179 50848 26203 26973 25535 
27213 34881 61921 78896 61320 59184 58289 33452 
72251 50842 45363 46534 41131 49223 42271 42012 
2713 2713 2713 2713 59984 892 33143 892 
5356 63362 64518 4820 39014 32315 30151 42442 
0 0 0 0 0 0 0 0 
725 725 725 725 725 82394 725 82394 
19160 19160 64278 64278 2713 3487 64278 19160 
3487 64278 59984 3487 59984 3487 63179 2713 
55563 3487 55563 55563 55563 55563 55563 55563 
19101 16688 16070 61586 46950 16053 18991 40972 
17823 18694 50726 762 16560 16629 19755 62675 
69780 46136 76517 771 82433 27141 67050 21554 
81770 81770 81770 81770 81770 81770 81770 81770 
4363 53725 74981 39542 22233 8046 82394 39542 
54356 65074 54356 29066 57693 71452 69704 40364 
35821 844 17330 22074 20338 59975 25740 25667 
15755 1652 64904 10898 79958 58907 76385 79039 
6806 27057 2988 1278 6806 74894 79147 20971 
4014 24133 70931 24133 24133 24133 38693 70931 
36363 82329 851 2821 30075 28201 3255 4598 
2753 863 6212 3059 28011 1537 2992 27232 
41105 42195 864 2497 41447 62872 48516 50851 
54268 7656 63179 36588 5987 7228 7656 71805 
2922 81564 5053 26625 27190 18793 16198 61402 
881 72684 65040 44849 27399 14130 75392 35712 
8956 888 6806 6806 6806 8956 6806 888 
7730 80146 64322 40051 58492 60608 64278 64265 
888 888 888 888 888 888 888 888 
892 60029 892 60029 60029 892 892 60029 
41727 19244 40810 12809 41476 55379 26865 11504 
5053 35773 35773 42065 82528 39542 29916 82528 
25532 69506 69450 32319 60510 69461 8880 69480 
17803 82159 63179 957 45479 61347 61347 51803 
81770 81770 7656 3478 62991 62991 62991 62991 
67633 2509 67633 2713 67633 2713 68522 1035 
14289 60868 77280 77331 77238 77317 15016 77286 
51502 51502 5053 5053 5053 5053 51502 1035 
76029 81060 54673 70011 73396 38068 75199 63153 
14354 3706 77372 15376 23732 77236 14971 14929 
22844 19073 19073 19073 19073 19073 22844 22844 
60335 54964 36740 26995 5339 56231 64244 30879 
0 0 0 0 0 0 0 0 
40090 4762 44113 34364 33632 4762 16604 36401 
26101 28035 72018 72254 22868 8815 72243 72249 
15141 14787 14609 77473 14363 15418 15669 15097 
0 0 0 0 0 0 0 0 
10951 8652 6806 8043 60090 37362 6132 10913 
34119 33983 33929 33699 33274 34241 59061 25488 
33038 33032 74217 76615 40118 74145 33037 35782 
68963 1278 1278 68963 1278 68963 68963 1278 
57961 5405 11232 1930 15821 78740 8938 55060 
63087 63087 54325 54325 63087 54325 54325 54325 
1323 64740 61116 60982 64720 64735 72872 61118 
54356 80888 54356 82394 54389 54356 54389 80888 
2509 82394 14622 7893 55728 15552 82394 14705 
0 0 0 0 0 0 0 0 
25802 44507 42279 13359 26799 60029 67348 10974 
35995 15939 71326 73684 73818 55053 3487 1406 
50862 40379 73143 4655 26497 65344 16742 50918 
9228 9228 9228 9228 9228 9228 9228 9228 
33410 33396 33391 33839 34372 33887 33295 34013 
7204 33869 37295 7450 41159 66511 66250 66519 
4904 69847 1562 50142 20747 26889 1910 6420 
53725 27494 82394 53725 53725 61921 53725 53725 
48988 25478 57617 5198 36229 5020 51279 2605 
73626 73478 73629 73745 38649 76101 74880 75833 
6035 55761 45434 66329 30456 23312 52599 3255 
12208 11889 11550 11853 12583 11530 12915 11704 
38813 13354 4417 22617 2305 38813 22617 4417 
6806 6806 7730 6806 7730 7730 7730 6806 
3740 1588 4417 76368 60029 4417 21472 5226 
10429 10429 63179 63179 63179 7944 63179 61465 
64116 26848 10696 80026 8064 54003 55516 61868 
5987 1630 21149 1630 21149 5987 5987 5987 
1630 18387 1630 53725 18387 18387 1630 67633 
4014 4014 67971 67971 4014 4014 4014 4014 
2530 2530 2530 64116 2530 64116 2530 64116 
10622 72244 72239 72265 72243 72261 63246 72235 
0 0 0 0 0 0 0 0 
37199 58020 70512 62869 29517 30456 45435 70506 
64477 9068 32505 75499 9068 52230 64477 32505 
82329 82079 72270 72269 57574 7964 34699 62428 
67633 67633 67633 67633 67633 67633 67633 67633 
60029 60029 60029 60029 60029 60029 60029 60029 
1928 1928 1928 1928 1928 1928 1928 1928 
64052 35362 66120 62409 31373 81191 53859 18537 
5942 58492 58492 6806 5942 6806 6806 6806 
74383 38431 74252 52020 74258 7730 52022 74257 
58492 58492 58492 58492 58492 58492 58492 58492 
63370 60029 18387 67633 18387 60029 60029 2077 
27872 8634 8292 8634 13776 8634 6060 8634 
8792 8792 8792 8792 8792 8792 8792 8792 
66183 2110 80716 68216 54673 67629 3679 41103 
72896 64116 39028 79215 55763 72366 78068 73858 
56709 48078 57043 65410 56844 16754 13962 58416 
79400 57956 79454 2202 79477 79416 79405 79479 
0 0 0 0 0 0 0 0 
8740 6865 26593 60806 6982 36400 60802 10726 
0 0 0 0 0 0 0 0 
22686 22686 22686 22686 22686 22686 22686 22686 
15787 15787 2305 2305 15787 15787 2305 15787 
0 0 0 0 0 0 0 0 
38750 2398 36600 38753 2855 13992 59254 38749 
23359 64566 59919 61717 28138 16466 41823 18539 
55681 34945 53978 25768 26310 27097 17465 34263 
8155 2713 29789 14130 6916 7902 5949 52437 
9037 10434 67769 38050 8346 20040 30456 3519 
2398 60029 38695 2398 42580 60029 60029 38695 
2398 2398 2398 2398 2398 2398 2398 2398 
2509 78847 70704 74685 81690 7123 26642 5673 
81446 26332 81446 2509 2509 81446 2509 81446 
2509 2509 3487 3487 2509 3487 6051 3487 
79368 79372 79377 79364 2509 79384 79365 79363 
3478 2713 3478 3478 30531 30531 2713 2713 
2713 2578 2578 2713 2578 2578 2713 2713 
32505 19160 32505 19160 19160 19160 32505 32505 
48552 25691 25691 25691 48552 25691 3478 3478 
58180 64938 68736 2939 3255 59562 55763 39633 
3679 67629 18580 3679 18580 62061 3679 62061 
0 0 0 0 0 0 0 0 
34293 33297 33566 34233 34256 33318 33928 33316 
72867 48543 44388 8292 6806 8292 65817 81409 
35482 16591 33143 2713 33143 33143 33143 16591 
6714 68782 64034 65831 61921 65831 35712 34364 
3487 3487 2713 3487 2713 3487 2713 2713 
59184 59184 2713 59184 2713 59184 59184 59184 
33143 2713 2713 2713 2713 2713 2713 2713 
2713 2713 2713 33143 2713 2713 2713 33143 
63179 39578 2713 33143 2713 2713 33143 63179 
2713 2713 2713 2713 2713 2713 2713 2713 
5266 4417 2713 2713 4598 74685 4417 5266 
63179 63179 63179 63179 63179 63179 63179 63179 
0 0 0 0 0 0 0 0 
0 0 0 0 0 0 0 0 
0 0 0 0 0 0 0 0 
0 0 0 0 0 0 0 0 
36565 36565 3240 3240 3487 64278 36565 3240 
3240 36565 3487 3487 3487 3487 3240 3487 
64278 3240 3240 3240 3240 3240 3240 64278 
39754 8029 31968 7633 31943 75915 35182 7633 
0 0 0 0 0 0 0 0 
4083 4083 4083 4083 4083 4083 4083 4083 
56324 56343 56339 56334 56330 56342 56320 56333 
3478 21335 67633 21335 3478 67633 21335 67633 
3478 5749 3478 3478 3478 3478 3478 3478 
8956 39578 4157 60029 60029 8956 71651 4157 
3478 3478 3478 3478 3478 3478 3478 3478 
33143 33143 33143 33143 75499 75499 75499 33143 
3487 3487 59184 59184 3487 59184 3487 59184 
6806 6806 6806 6806 6806 6806 6806 6806 
0 0 0 0 0 0 0 0 
0 0 0 0 0 0 0 0 
68963 68963 68963 68963 68963 68963 68963 68963 
21385 24728 24390 20998 35752 22197 20478 36072 
6806 6806 6806 6806 6806 6806 6806 6806 
9013 3783 9013 3804 3783 3804 9013 9013 
3826 3826 3826 3826 3826 3826 3826 3826 
3826 5405 5405 3826 3826 5405 3826 5405 
3948 28201 28201 67633 3948 67633 67633 28201 
0 0 0 0 0 0 0 0 
55092 6060 55092 6060 4014 6060 55092 6060 
33920 8430 33900 34134 34129 8446 34284 34221 
82394 27494 27494 82394 61921 27494 61921 27494 
8382 30985 65831 30985 65831 8382 65831 8382 
58656 58656 58656 58656 58656 58656 58656 58656 
0 0 0 0 0 0 0 0 
5942 5942 5942 5942 5942 5942 5942 5942 
6644 60800 80940 10064 37802 36281 60814 37580 
0 0 0 0 0 0 0 0 
77996 5285 27494 77924 77983 77982 77993 77987 
59367 59364 59361 78623 80288 78627 78626 59362 
0 0 0 0 0 0 0 0 
4598 4598 4598 4598 63179 63179 63179 63179 
54389 9013 54389 9013 82394 82394 82394 9013 
5053 27567 52364 52364 52364 5053 60029 27567 
0 0 0 0 0 0 0 0 
5252 5252 5252 5252 5252 5252 5252 5252 
55550 5252 5252 51502 55550 5252 51502 51502 
0 0 0 0 0 0 0 0 
78312 8880 78312 27213 8880 78312 27213 27213 
0 0 0 0 0 0 0 0 
0 0 0 0 0 0 0 0 
0 0 0 0 0 0 0 0 
0 0 0 0 0 0 0 0 
0 0 0 0 0 0 0 0 
63717 42478 63717 42478 42478 42478 63717 63717 
0 0 0 0 0 0 0 0 
27494 77195 75418 71557 75323 79204 16549 76301 
0 0 0 0 0 0 0 0 
11387 11375 11390 11413 11392 11379 11388 11404 
59184 59184 59184 59184 59184 59184 59184 59184 
5942 5942 5942 5942 5942 5942 5942 5942 
5942 5942 5942 5942 5942 5942 5942 5942 
6806 6806 6806 6806 6806 5942 6806 6806 
0 0 0 0 0 0 0 0 
0 0 0 0 0 0 0 0 
65040 65040 65040 6060 65040 65040 65040 65040 
70779 34010 33479 6076 34130 34126 34121 38831 
0 0 0 0 0 0 0 0 
0 0 0 0 0 0 0 0 
0 0 0 0 0 0 0 0 
0 0 0 0 0 0 0 0 
63179 60029 34364 60029 34364 34364 60029 60029 
9912 36526 9583 57913 9854 36462 10032 9900 
75217 73086 72923 76591 7455 76227 73967 73662 
0 0 0 0 0 0 0 0 
0 0 0 0 0 0 0 0 
6806 6806 6806 6806 6806 6806 6806 6806 
6806 6806 6806 6806 6806 6806 6806 6806 
6806 6806 6806 6806 6806 6806 6806 6806 
6806 6806 59184 6806 6806 6806 6806 59184 
59184 6806 6806 59184 6806 59184 59184 6806 
6806 6806 59184 6806 6806 59184 6806 6806 
6806 6806 59184 59184 6806 6806 6806 59184 
33146 23935 35075 35271 57275 19023 31954 32924 
6806 6806 6806 6806 6806 6806 6806 6806 
59184 59184 59184 59184 6806 59184 59184 59184 
6806 6806 6806 6806 6806 6806 6806 6806 
6806 6806 6806 6806 6806 6806 6806 6806 
6806 32506 32506 6806 32506 32506 6806 21554 
6806 6806 6806 6806 6806 6806 6806 6806 
6806 6806 6806 6806 6806 6806 6806 6806 
6806 6806 6806 6806 6806 6806 6806 6806 
31373 6806 31373 31373 31373 31373 31373 6806 
6806 6806 6806 6806 6806 6806 6806 6806 
79529 79524 79545 79552 16455 80991 79565 27197 
6806 6806 6806 6806 6806 6806 6806 6806 
9911 9412 9664 9979 9232 58106 36467 9946 
6806 6806 6806 6806 6806 6806 6806 6806 
8956 8956 6806 6806 6806 8956 8956 8956 
30843 29564 28521 32743 30594 34930 17473 28627 
6806 6806 6806 6806 56935 6806 56935 6806 
8956 6806 6806 6806 8956 6806 6806 8956 
6806 6806 6806 6806 6806 6806 6806 6806 
35356 31327 33154 36194 69062 28857 31534 35146 
6806 6806 6806 6806 6806 6806 6806 6806 
61921 6806 61921 61921 61921 61921 6806 6806 
6806 6806 6806 6806 6806 6806 6806 6806 
6806 6806 6806 6806 6806 6806 6806 6806 
6806 64278 64278 64278 6806 6806 6806 64278 
6806 6806 6806 6806 6806 6806 6806 6806 
6806 6806 6806 6806 6806 6806 6806 6806 
6806 6806 6806 6806 6806 6806 6806 6806 
6806 6806 6806 6806 6806 6806 6806 6806 
6806 6806 32507 6806 32507 32507 32507 32507 
70314 70311 70329 70312 70326 70308 6806 70305 
6806 6806 6806 6806 6806 6806 6806 6806 
6806 6806 6806 6806 6806 6806 6806 6806 
6806 6806 6806 6806 6806 6806 6806 6806 
6806 6806 6806 6806 6806 6806 6806 6806 
54347 54347 54347 6806 54347 6806 6806 54347 
6806 6806 6806 6806 6806 6806 6806 6806 
38548 38544 38552 38534 38541 38555 39616 39611 
6806 6806 6806 6806 6806 6806 6806 6806 
6806 6806 6806 6806 6806 6806 6806 6806 
6806 6806 6806 6806 6806 6806 6806 6806 
10174 8956 10172 36494 10170 10169 6806 10154 
80127 80147 80146 80142 80141 80139 80137 6806 
15493 14917 15529 15417 15447 14366 77678 15497 
80199 78585 79834 80203 74908 78601 8956 78626 
80128 80142 80141 80131 80148 80132 80138 80140 
80129 81400 80128 6806 80146 80137 80123 80133 
80146 80128 80143 80129 80148 80147 80120 80119 
6806 6806 6806 6806 6806 6806 6806 6806 
6806 6806 6806 6806 6806 6806 6806 6806 
8956 6806 6806 8956 8956 6806 6806 6806 
6806 6806 6806 6806 6806 6806 6806 6806 
6806 6806 6806 6806 6806 6806 6806 6806 
6806 6806 6806 6806 6806 6806 6806 6806 
6806 6806 6806 6806 6806 6806 6806 6806 
6806 6806 6806 6806 6806 6806 6806 6806 
6806 6806 6806 6806 6806 6806 6806 6806 
6916 6916 6916 6916 6916 6916 6916 6916 
0 0 0 0 0 0 0 0 
0 0 0 0 0 0 0 0 
0 0 0 0 0 0 0 0 
0 0 0 0 0 0 0 0 
0 0 0 0 0 0 0 0 
0 0 0 0 0 0 0 0 
58492 7730 7730 58492 7730 58492 7730 58492 
0 0 0 0 0 0 0 0 
79581 79358 79432 79379 79573 79742 79545 79730 
0 0 0 0 0 0 0 0 
25532 25532 25532 25532 25532 25532 25532 25532 
0 0 0 0 0 0 0 0 
59507 64116 59507 64116 64116 64116 59507 59507 
0 0 0 0 0 0 0 0 
7430 7430 7430 7430 7430 7430 7430 7430 
0 0 0 0 0 0 0 0 
38405 39367 38414 38406 38427 38429 38431 38422 
32507 32507 32507 32507 32507 32507 32507 32507 
8956 7730 7730 8956 7730 58492 7730 7730 
0 0 0 0 0 0 0 0 
23378 17053 28115 25234 25073 35559 32495 19603 
62553 62548 62556 62554 62552 62544 45186 62549 
32592 32592 32592 32592 32592 32592 32592 32592 
32592 32592 32592 32592 32592 32592 32592 32592 
24418 34536 28687 32655 27768 19631 28234 32404 
52230 52230 52230 52230 52230 52230 52230 52230 
0 0 0 0 0 0 0 0 
0 0 0 0 0 0 0 0 
8956 8956 8956 8956 8956 8956 8956 8956 
70254 63408 69868 35477 38406 8956 38421 38404 
78620 78727 78590 79836 78612 79837 80343 78960 
79437 79511 79400 79418 79414 79492 79399 79404 
0 0 0 0 0 0 0 0 
70931 70931 70931 70931 70931 70931 70931 70931 
0 0 0 0 0 0 0 0 
0 0 0 0 0 0 0 0 
0 0 0 0 0 0 0 0 
9875 9843 9928 39175 9662 9557 9465 9728 
10094 10209 10169 9701 10151 9356 36487 9551 
55748 36491 9302 36522 10042 9326 36493 36519 
10114 9586 9388 10184 9747 9985 9810 9951 
39410 10186 39399 9308 39983 36504 36492 10183 
9654 9960 9382 9793 39985 10040 9323 9710 
0 0 0 0 0 0 0 0 
0 0 0 0 0 0 0 0 
0 78960 80202 78604 78612 80200 79147 9739 
0 0 0 0 0 0 0 0 
0 0 0 0 0 0 0 0 
10137 10129 10158 10159 10164 82253 10150 10133 
34699 34699 34699 34699 34699 34699 34699 34699 
70320 70330 70329 70331 70305 70328 70317 70313 
0 0 0 0 0 0 0 0 
0 0 0 0 0 0 0 0 
0 0 0 0 0 0 0 0 
21893 21893 21893 10973 10973 21893 10973 10973 
0 0 0 0 0 0 0 0 
0 0 0 0 0 0 0 0 
32592 11374 11373 66382 11416 62255 41225 11404 
0 0 0 0 0 0 0 0 
0 0 0 0 0 0 0 0 
0 0 0 0 0 0 0 0 
72994 38539 39624 38542 73000 72997 73019 72989 
0 0 0 0 0 0 0 0 
0 0 0 0 0 0 0 0 
0 0 0 0 0 0 0 0 
11383 11411 11388 11376 11413 0 11386 11374 
0 0 0 0 0 0 0 0 
0 0 0 0 0 0 0 0 
32592 32592 32592 32592 32592 32592 32592 32592 
0 0 0 0 0 0 0 0 
18589 18430 41470 58955 15932 40909 19745 17695 
19074 19864 16706 16610 19385 18755 18135 19241 
64725 64732 64727 61128 64733 64723 69835 81755 
18085 26043 44124 0 47666 19786 18094 16460 
15405 14624 14776 0 77881 77867 77700 77775 
28041 27197 38300 24104 30275 28828 59129 17242 
44388 44388 44388 44388 44388 44388 44388 44388 
0 0 0 0 0 0 0 0 
0 0 0 0 0 0 0 0 
0 0 0 0 0 0 0 0 
0 0 0 0 0 0 0 0 
0 0 0 0 0 0 0 0 
77760 15134 77292 77885 15295 15560 15116 15215 
0 0 0 0 0 0 0 0 
0 0 0 0 0 0 0 0 
0 0 0 0 0 0 0 0 
0 0 0 0 0 0 0 0 
0 0 0 0 0 0 0 0 
0 0 0 0 0 0 0 0 
20201 20022 21367 25747 16866 23990 25368 17158 
18938 25261 25334 32827 19254 22068 18385 35003 
22475 23952 25192 24328 32476 25019 34458 32307 
16591 16591 16591 16591 16591 16591 16591 16591 
66517 16604 16604 16604 16604 16604 66517 16604 
20423 35622 35588 52662 24964 16897 32934 17765 
24753 18379 31105 32616 32731 18491 36055 30987 
17143 30251 28895 21407 21871 30332 17201 35065 
34777 30135 45329 35112 32533 34841 27960 28769 
0 0 0 0 0 0 0 0 
0 0 0 0 0 0 0 0 
0 0 0 0 0 0 0 0 
71298 82094 54976 55776 80363 66099 82245 47357 
73017 39606 39503 73013 73046 73009 73035 73002 
0 0 0 0 0 0 0 0 
0 0 0 0 0 0 0 0 
0 0 0 0 0 0 0 0 
26245 26245 26245 26245 26245 26245 26245 26245 
0 0 0 0 0 0 0 0 
0 0 0 0 0 0 0 0 
66525 66525 66525 66525 68650 68650 68650 68650 
66525 66525 66525 66525 66525 66525 66525 66525 
66525 80002 80002 66525 80002 66525 66525 80002 
0 0 0 0 0 0 0 0 
0 0 0 0 0 0 0 0 
61921 61921 61921 61921 61921 61921 61921 61921 
0 40898 43327 41222 39717 40897 55345 39718 
0 0 0 0 0 0 0 0 
0 0 0 0 0 0 0 0 
59184 27494 59184 59184 59184 59184 59184 27494 
59184 59184 59184 59184 59184 59184 59184 59184 
0 0 0 0 0 0 0 0 
59184 59184 59184 59184 59184 59184 59184 59184 
59184 59184 59184 59184 59184 59184 59184 59184 
59184 59184 59184 59184 59184 59184 59184 59184 
59184 59184 59184 59184 59184 59184 59184 59184 
59184 59184 59184 59184 59184 59184 59184 59184 
0 0 0 0 0 0 0 0 
0 0 0 0 0 0 0 0 
0 0 0 0 0 0 0 0 
65475 65482 65491 32592 63723 65492 65486 65481 
32592 32592 32592 32592 32592 32592 32592 32592 
57059 58904 55443 0 57232 57226 57056 57055 
0 0 0 0 0 0 0 0 
37659 37656 37661 37655 37670 37673 37663 37671 
0 0 0 0 0 0 0 0 
80132 80126 80138 81400 80130 80131 80133 80121 
80135 80147 80146 80139 80133 80137 80141 80140 
80138 31417 80147 80137 80141 80136 80148 80131 
0 0 0 0 0 0 0 0 
0 0 0 0 0 0 0 0 
32506 32506 32506 36045 36045 32506 36045 36045 
32507 32507 32507 32507 32507 32507 32507 32507 
70312 70310 70304 70322 70323 70314 70319 0 
0 0 0 0 0 0 0 0 
32592 32592 32592 32592 32592 32592 32592 32592 
61107 61113 61127 66202 61120 61119 61123 61131 
35748 62255 62253 62249 39494 62256 62289 64644 
32592 32592 32592 32592 32592 32592 32592 32592 
32592 32592 32592 32592 32592 32592 32592 32592 
32592 32592 32592 32592 32592 32592 32592 32592 
32592 32592 32592 32592 32592 32592 32592 32592 
32592 32592 32592 32592 32592 32592 32592 32592 
32592 32592 32592 32592 32592 32592 32592 32592 
32592 32592 32592 32592 32592 32592 32592 32592 
65483 62558 65491 62125 62555 62544 65482 65485 
32592 32592 32592 32592 32592 32592 32592 32592 
32592 32592 32592 32592 32592 32592 32592 32592 
32592 32592 32592 32592 32592 32592 32592 32592 
62242 61366 62211 62173 62216 61376 62177 62185 
32592 32592 32592 32592 32592 32592 32592 32592 
32592 32592 32592 32592 32592 32592 32592 32592 
32592 32592 32592 32592 32592 32592 32592 32592 
32592 32592 32592 32592 32592 32592 32592 32592 
32592 32592 32592 32592 32592 32592 32592 32592 
62566 32592 62553 62561 62550 62067 62557 62560 
62236 62215 62173 62193 62209 62240 62228 62223 
32592 32592 32592 32592 32592 32592 32592 32592 
32592 62174 62204 62242 32592 62177 62231 62287 
32592 32592 32592 32592 32592 32592 32592 32592 
32592 32592 32592 32592 32592 32592 32592 32592 
32592 32592 32592 32592 32592 32592 32592 32592 
62189 62226 62209 62179 62222 62201 62241 62205 
32592 32592 32592 32592 32592 32592 32592 32592 
32592 32592 32592 32592 32592 32592 32592 32592 
32592 32592 32592 32592 32592 32592 32592 32592 
32592 32592 32592 32592 32592 32592 32592 32592 
32592 32592 32592 32592 32592 32592 32592 32592 
32592 32592 32592 32592 32592 32592 32592 32592 
32592 32592 32592 32592 32592 32592 32592 32592 
32592 32592 32592 32592 32592 32592 32592 32592 
32592 32592 32592 32592 32592 32592 32592 32592 
32592 32592 32592 32592 32592 32592 32592 32592 
0 0 0 0 0 0 0 0 
37216 41935 40900 47021 45000 39718 32724 0 
0 0 0 0 0 0 0 0 
0 0 0 0 0 0 0 0 
56935 56935 55550 55550 33143 55550 55550 63179 
33143 33143 33143 33143 33143 33143 33143 33143 
33143 33143 33143 33143 33143 33143 33143 33143 
33143 33143 33143 33143 33143 33143 33143 33143 
0 0 0 0 0 0 0 0 
0 0 0 0 0 0 0 0 
0 0 0 0 0 0 0 0 
0 0 0 0 0 0 0 0 
74685 34903 64278 63179 74685 64278 63179 64278 
0 0 0 0 0 0 0 0 
0 0 0 0 0 0 0 0 
0 0 0 0 0 0 0 0 
0 0 0 0 0 0 0 0 
41908 36963 41908 41908 36963 41908 41908 36963 
0 0 0 0 0 0 0 0 
0 0 0 0 0 0 0 0 
0 0 0 0 0 0 0 0 
0 0 0 0 0 0 0 0 
0 0 0 0 0 0 0 0 
0 0 0 0 0 0 0 0 
0 0 0 0 0 0 0 0 
65485 65476 65487 65486 37773 65493 65472 65477 
0 0 0 0 0 0 0 0 
0 0 0 0 0 0 0 0 
0 0 0 0 0 0 0 0 
58492 58492 58492 58492 58492 58492 58492 58492 
0 0 0 0 0 0 0 0 
0 0 0 0 0 0 0 0 
0 0 0 0 0 0 0 0 
0 0 0 0 0 0 0 0 
0 0 0 0 0 0 0 0 
0 0 0 0 0 0 0 0 
0 0 0 0 0 0 0 0 
44388 74685 74685 74685 74685 52302 44388 44388 
0 0 0 0 0 0 0 0 
58492 58492 58492 58492 58492 58492 58492 58492 
0 0 0 0 0 0 0 0 
0 0 0 0 0 0 0 0 
0 0 0 0 0 0 0 0 
0 0 0 0 0 0 0 0 
0 0 0 0 0 0 0 0 
0 0 0 0 0 0 0 0 
0 0 0 0 0 0 0 0 
0 0 0 0 0 0 0 0 
0 0 0 0 0 0 0 0 
0 0 0 0 0 0 0 0 
0 0 0 0 0 0 0 0 
0 0 0 0 0 0 0 0 
0 0 0 0 0 0 0 0 
0 0 0 0 0 0 0 0 
0 0 0 0 0 0 0 0 
0 0 0 0 0 0 0 0 
0 0 0 0 0 0 0 0 
0 0 0 0 0 0 0 0 
0 0 0 0 0 0 0 0 
0 0 0 0 0 0 0 0 
0 0 0 0 0 0 0 0 
0 0 0 0 0 0 0 0 
0 0 0 0 0 0 0 0 
0 0 0 0 0 0 0 0 
0 0 0 0 0 0 0 0 
0 0 0 0 0 0 0 0 
0 0 0 0 0 0 0 0 
0 0 0 0 0 0 0 0 
0 0 0 0 0 0 0 0 
0 0 0 0 0 0 0 0 
0 0 0 0 0 0 0 0 
52302 52302 52302 52302 52302 52302 52302 52302 
0 0 0 0 0 0 0 0 
0 0 0 0 0 0 0 0 
0 0 0 0 0 0 0 0 
0 0 0 0 0 0 0 0 
0 0 0 0 0 0 0 0 
0 0 0 0 0 0 0 0 
0 0 0 0 0 0 0 0 
0 0 0 0 0 0 0 0 
0 0 0 0 0 0 0 0 
0 0 0 0 0 0 0 0 
0 0 0 0 0 0 0 0 
0 0 0 0 0 0 0 0 
0 0 0 0 0 0 0 0 
0 0 0 0 0 0 0 0 
0 0 0 0 0 0 0 0 
0 0 0 0 0 0 0 0 
58492 58492 58492 58492 58492 58492 58492 58492 
0 0 0 0 0 0 0 0 
59184 59184 59184 59184 59184 59184 59184 59184 
59184 59184 59184 59184 59184 59184 59184 59184 
59184 59184 59184 59184 59184 59184 59184 59184 
59184 59184 59184 59184 59184 59184 59184 59184 
59184 59184 59184 59184 59184 59184 59184 59184 
59184 59184 59184 59184 59184 59184 59184 59184 
63179 59184 59184 63179 63179 59184 63179 63179 
59184 59184 59184 59184 59184 59184 59184 59184 
0 0 0 0 0 0 0 0 
59298 59298 59298 59298 59298 59298 59298 59298 
0 0 0 0 0 0 0 0 
0 0 0 0 0 0 0 0 
59984 59984 59984 59984 59984 59984 59984 59984 
60029 60029 60029 60029 60029 60029 60029 60029 
0 0 0 0 0 0 0 0 
0 0 0 0 0 0 0 0 
0 0 0 0 0 0 0 0 
0 0 0 0 0 0 0 0 
0 0 0 0 0 0 0 0 
0 0 0 0 0 0 0 0 
0 0 0 0 0 0 0 0 
0 0 0 0 0 0 0 0 
64278 64278 64278 64278 64278 64278 64278 64278 
64278 64278 64278 64278 64278 64278 64278 64278 
64278 64278 64278 64278 64278 64278 64278 64278 
64278 64278 64278 64278 64278 64278 64278 64278 
64278 64278 64278 64278 64278 64278 64278 64278 
64278 64278 64278 64278 64278 64278 64278 64278 
64278 64278 64278 64278 64278 64278 64278 64278 
64278 64278 64278 64278 64278 64278 64278 64278 
0 0 0 0 0 0 0 0 
0 0 0 0 0 0 0 0 
80003 66525 80002 80003 68650 80003 80002 66525 
66525 66525 66525 66525 66525 66525 66525 66525 
76598 76598 76598 76598 66525 76598 76598 76598 
66525 66525 68650 66525 66525 68650 66525 68650 
68650 68650 68650 66525 68650 66525 66525 68650 
66525 66525 66525 66525 66525 66525 66525 66525 
80002 80002 80002 80002 66525 66525 68650 68650 
66525 68650 66525 66525 66525 68650 68650 68650 
68650 74045 80003 74045 68650 68650 66525 80003 
66525 66525 66525 66525 66525 66525 66525 66525 
66525 74045 68650 68650 68650 66525 66525 80003 
66525 66525 66525 66525 66525 66525 66525 66525 
76598 74045 76598 74045 76598 76598 66525 66525 
66525 66525 76598 76598 66525 76598 74045 74045 
66525 74045 80003 80003 66525 80003 74045 76598 
74045 68650 76598 74045 68650 80003 74045 66525 
68650 66525 66525 66525 66525 80003 76598 80003 
68650 68650 68650 66525 66525 74045 68650 68650 
68650 66525 68650 66525 80003 66525 66525 68650 
66525 66525 66525 66525 66525 66525 66525 66525 
80003 66525 74045 68650 74045 68650 68650 74045 
68650 68650 66525 68650 66525 68650 80003 66525 
80003 68650 66525 66525 68650 80003 66525 68650 
66525 66525 66525 66525 66525 66525 66525 66525 
0 0 0 0 0 0 0 0 
0 0 0 0 0 0 0 0 
0 0 0 0 0 0 0 0 
0 0 0 0 0 0 0 0 
0 0 0 0 0 0 0 0 
0 0 0 0 0 0 0 0 
0 0 0 0 0 0 0 0 
0 0 0 0 0 0 0 0 
76598 74045 76598 74045 68650 74045 74045 74045 
68650 68650 68650 68650 68650 68650 68650 68650 
80003 76598 74045 68650 76598 80003 68650 74045 
80003 80003 80003 74045 76598 68650 68650 68650 
68650 76598 76598 68650 76598 68650 68650 68650 
74045 80002 68650 80002 68650 80002 74045 74045 
80002 80002 68650 80002 80002 80002 68650 68650 
68650 80002 80003 68650 80003 68650 80002 80003 
68650 68650 68650 68650 68650 68650 68650 68650 
68650 68650 68650 68650 68650 68650 68650 68650 
0 0 0 0 0 0 0 0 
0 0 0 0 0 0 0 0 
0 0 0 0 0 0 0 0 
0 0 0 0 0 0 0 0 
0 0 0 0 0 0 0 0 
0 0 0 0 0 0 0 0 
70931 70931 70931 70931 70931 70931 70931 70931 
0 0 0 0 0 0 0 0 
0 0 0 0 0 0 0 0 
0 0 0 0 0 0 0 0 
0 0 0 0 0 0 0 0 
0 0 0 0 0 0 0 0 
0 0 0 0 0 0 0 0 
0 0 0 0 0 0 0 0 
0 0 0 0 0 0 0 0 
0 0 0 0 0 0 0 0 
0 0 0 0 0 0 0 0 
0 0 0 0 0 0 0 0 
0 0 0 0 0 0 0 0 
0 0 0 0 0 0 0 0 
0 0 0 0 0 0 0 0 
0 0 0 0 0 0 0 0 
0 0 0 0 0 0 0 0 
80003 80003 80002 80002 80002 80002 76598 76598 
80002 74045 76598 76598 76598 74045 80002 76598 
74045 80002 74045 80002 74045 80003 74045 74045 
80002 80002 80002 80002 80003 80003 74045 74045 
80003 80003 80003 80003 80002 80002 80002 80002 
74045 74045 80003 80003 76598 76598 76598 80003 
74045 80002 74045 80002 74045 80002 74045 74045 
80002 74045 80003 80003 80003 80002 74045 80003 
80003 80002 74045 80002 74045 80003 74045 80002 
80002 74045 80002 80002 74045 74045 74045 80002 
74045 74045 74045 74045 80003 80003 74045 80003 
80003 74045 74045 74045 80003 74045 80003 80003 
80003 80003 74045 74045 80003 74045 80003 74045 
80003 76598 76598 80003 74045 80003 76598 76598 
74045 74045 80003 80002 80003 80002 74045 80003 
80003 74045 80003 74045 74045 74045 80003 74045 
74045 74045 74045 74045 74045 74045 74045 74045 
80003 80003 80003 74045 80003 80003 74045 80003 
80003 80003 74045 74045 80003 74045 74045 80003 
74045 74045 74045 80003 74045 80003 76598 80003 
0 0 0 0 0 0 0 0 
78773 79839 80283 0 78601 79329 79104 79834 
78622 78620 80205 0 80204 78860 80201 80202 
0 0 0 0 0 0 0 0 
0 0 0 0 0 0 0 0 
76598 80003 76598 80003 76598 80003 76598 76598 
80003 80003 80003 80003 80003 80003 80003 80003 
76598 80003 80003 80003 80003 76598 80003 80003 
76598 80002 76598 76598 76598 76598 76598 76598 
80003 76598 80002 80003 80002 80003 76598 76598 
80003 76598 80003 76598 80003 76598 80002 76598 
76598 76598 80002 80003 80003 80003 76598 80002 
80003 80003 80003 80003 76598 80003 76598 80003 
76598 80003 76598 80003 76598 80003 80003 76598 
80003 80002 76598 80003 80002 80003 76598 76598 
76598 80003 80003 80002 80002 80002 76598 80003 
76598 76598 76598 76598 76598 76598 76598 76598 
80003 80003 80003 80003 76598 80003 76598 76598 
0 0 0 0 0 0 0 0 
76948 76977 76954 76974 76990 78178 78160 78190 
0 0 0 0 0 0 0 0 
0 0 0 0 0 0 0 0 
0 0 0 0 0 0 0 0 
0 0 0 0 0 0 0 0 
0 0 0 0 0 0 0 0 
79545 79603 79657 79402 79555 79662 79736 79573 
79546 79658 79643 79561 79609 79635 79667 79638 
0 0 0 0 0 0 0 0 
80003 80002 80002 80002 80003 80003 80003 80003 
80002 80002 80002 80002 80002 80002 80002 80002 
80003 80002 80002 80002 80002 80002 80003 80003 
80003 80003 80002 80002 80003 80003 80002 80002 
80002 80002 80002 80002 80002 80002 80002 80002 
80003 80003 80003 80003 80003 80002 80002 80002 
80003 80003 80002 80002 80003 80002 80003 80003 
80003 80003 80003 80002 80002 80003 80003 80003 
80003 80003 80003 80003 80003 80003 80003 80003 
80003 80003 80003 80003 80003 80003 80003 80003 
80003 80003 80003 80003 80003 80003 80003 80003 
80003 80003 80003 80003 80003 80003 80003 80003 
80003 80003 80003 80003 80003 80003 80003 80003 
0 0 0 0 0 0 0 0 
0 0 0 0 0 0 0 0 
0 0 0 0 0 0 0 0 
0 0 0 0 0 0 0 0 
0 0 0 0 0 0 0 0 
0 0 0 0 0 0 0 0 
0 0 0 0 0 0 0 0 
0 0 0 0 0 0 0 0 
0 0 0 0 0 0 0 0 
0 0 0 0 0 0 0 0 
0 0 0 0 0 0 0 0 
0 0 0 0 0 0 0 0 
0 0 0 0 0 0 0 0 
0 0 0 0 0 0 0 0 
0 0 0 0 0 0 0 0 
0 0 0 0 0 0 0 0 
0 0 0 0 0 0 0 0 
0 0 0 0 0 0 0 0 
0 0 0 0 0 0 0 0 
0 0 0 0 0 0 0 0 
