0 0 94 0 43 0 0 0 
92 39 1 1 28 1 59 1 
36 2 33 2 2 2 82 2 
4 23 59 78 3 59 0 3 
55 22 11 4 44 50 4 4 
5 52 5 53 5 0 5 5 
95 6 15 6 71 6 0 0 
7 7 7 7 7 7 7 7 
8 55 8 8 43 8 55 55 
9 9 9 9 9 9 9 40 
10 10 16 20 20 10 24 0 
11 49 11 78 11 11 11 58 
89 12 86 12 24 86 12 24 
13 18 11 13 11 55 88 15 
14 14 14 14 14 14 55 14 
15 92 0 28 0 15 40 15 
94 16 82 53 16 15 94 53 
15 88 97 17 50 0 85 17 
92 18 38 38 92 18 18 49 
19 17 18 19 19 28 28 19 
20 0 20 20 53 20 53 1 
21 21 11 89 21 21 11 21 
32 22 22 22 22 22 22 76 
11 23 28 11 11 28 11 2 
24 24 24 24 24 24 24 24 
25 0 8 5 25 69 25 25 
26 40 83 26 40 77 26 26 
68 0 10 0 0 27 73 68 
0 28 28 0 28 53 28 28 
11 20 29 88 29 20 69 82 
30 0 30 30 11 0 30 30 
31 31 31 86 31 51 31 31 
32 32 32 32 32 32 32 53 
33 11 88 33 33 88 33 59 
34 34 34 34 34 7 34 34 
35 35 23 73 73 35 30 69 
36 36 36 64 36 64 36 78 
37 40 37 37 37 55 37 37 
0 92 38 88 38 38 26 1 
85 39 39 39 39 39 39 21 
40 96 72 40 40 40 14 68 
73 41 41 55 88 11 0 30 
42 20 86 10 15 42 10 20 
46 96 43 43 43 43 11 95 
63 44 7 0 16 44 44 16 
45 45 0 12 45 45 45 45 
53 6 33 46 71 33 46 46 
88 18 88 47 23 69 66 11 
0 73 78 90 48 48 63 0 
49 49 49 49 49 49 0 49 
24 92 73 49 74 19 19 92 
51 51 51 51 51 51 51 51 
67 52 52 52 52 52 67 52 
58 53 53 53 53 53 53 88 
94 73 40 95 54 95 54 36 
38 55 32 32 40 51 3 0 
68 68 1 22 56 56 33 96 
33 28 57 57 58 58 28 16 
94 23 58 58 16 62 0 0 
99 59 53 0 59 20 59 0 
83 54 60 16 38 96 40 60 
1 18 61 85 58 73 61 1 
62 62 25 1 62 67 25 25 
63 63 63 94 63 63 43 63 
54 64 88 64 64 64 64 64 
0 0 0 65 65 65 32 65 
66 66 0 96 66 66 0 96 
67 67 67 67 73 73 23 67 
27 68 68 68 68 27 68 68 
88 53 39 15 69 69 69 69 
70 70 70 70 96 70 1 20 
71 71 71 71 0 71 71 71 
72 86 72 72 72 86 72 74 
0 73 73 77 73 73 77 0 
23 74 83 30 51 74 74 74 
75 25 75 75 30 1 75 75 
25 59 76 76 30 4 39 90 
77 67 3 77 82 28 92 67 
67 77 78 0 78 96 78 1 
79 79 79 79 79 79 20 79 
30 25 33 51 16 25 80 51 
50 81 2 58 57 57 50 78 
8 82 0 10 82 82 82 82 
67 83 83 91 83 83 83 83 
84 93 0 84 84 20 84 84 
33 85 88 64 85 28 75 88 
86 96 86 53 93 18 50 1 
49 1 96 1 0 1 87 87 
81 81 64 1 88 88 61 88 
89 39 89 73 85 89 89 23 
90 90 90 90 90 90 90 90 
94 71 71 0 94 91 91 91 
71 18 17 92 69 96 24 92 
9 15 93 40 96 33 93 93 
24 61 94 94 21 94 0 94 
24 61 21 16 38 96 96 63 
63 17 96 96 33 12 96 54 
97 97 73 67 67 0 67 32 
24 98 98 98 98 98 98 21 
99 85 73 99 0 99 99 99 
0 0 0 0 0 0 0 0 
0 0 0 0 0 0 0 0 
0 0 0 0 0 0 0 0 
0 0 0 0 0 0 0 0 
0 0 0 0 0 0 0 0 
0 0 0 0 0 0 0 0 
0 0 0 0 0 0 0 0 
0 0 0 0 0 0 0 0 
0 0 0 0 0 0 0 0 
0 0 0 0 0 0 0 0 
0 0 0 0 0 0 0 0 
0 0 0 0 0 0 0 0 
0 0 0 0 0 0 0 0 
0 0 0 0 0 0 0 0 
0 0 0 0 0 0 0 0 
0 0 0 0 0 0 0 0 
0 0 0 0 0 0 0 0 
0 0 0 0 0 0 0 0 
0 0 0 0 0 0 0 0 
0 0 0 0 0 0 0 0 
0 0 0 0 0 0 0 0 
0 0 0 0 0 0 0 0 
0 0 0 0 0 0 0 0 
0 0 0 0 0 0 0 0 
0 0 0 0 0 0 0 0 
0 0 0 0 0 0 0 0 
0 0 0 0 0 0 0 0 
0 0 0 0 0 0 0 0 
0 0 0 0 0 0 0 0 
0 0 0 0 0 0 0 0 
0 0 0 0 0 0 0 0 
0 0 0 0 0 0 0 0 
0 0 0 0 0 0 0 0 
0 0 0 0 0 0 0 0 
0 0 0 0 0 0 0 0 
0 0 0 0 0 0 0 0 
0 0 0 0 0 0 0 0 
0 0 0 0 0 0 0 0 
0 0 0 0 0 0 0 0 
0 0 0 0 0 0 0 0 
0 0 0 0 0 0 0 0 
0 0 0 0 0 0 0 0 
0 0 0 0 0 0 0 0 
0 0 0 0 0 0 0 0 
0 0 0 0 0 0 0 0 
0 0 0 0 0 0 0 0 
0 0 0 0 0 0 0 0 
0 0 0 0 0 0 0 0 
0 0 0 0 0 0 0 0 
0 0 0 0 0 0 0 0 
0 0 0 0 0 0 0 0 
0 0 0 0 0 0 0 0 
0 0 0 0 0 0 0 0 
0 0 0 0 0 0 0 0 
0 0 0 0 0 0 0 0 
0 0 0 0 0 0 0 0 
0 0 0 0 0 0 0 0 
0 0 0 0 0 0 0 0 
0 0 0 0 0 0 0 0 
0 0 0 0 0 0 0 0 
0 0 0 0 0 0 0 0 
0 0 0 0 0 0 0 0 
0 0 0 0 0 0 0 0 
0 0 0 0 0 0 0 0 
0 0 0 0 0 0 0 0 
0 0 0 0 0 0 0 0 
0 0 0 0 0 0 0 0 
0 0 0 0 0 0 0 0 
0 0 0 0 0 0 0 0 
0 0 0 0 0 0 0 0 
0 0 0 0 0 0 0 0 
0 0 0 0 0 0 0 0 
0 0 0 0 0 0 0 0 
0 0 0 0 0 0 0 0 
0 0 0 0 0 0 0 0 
0 0 0 0 0 0 0 0 
0 0 0 0 0 0 0 0 
0 0 0 0 0 0 0 0 
0 0 0 0 0 0 0 0 
0 0 0 0 0 0 0 0 
0 0 0 0 0 0 0 0 
0 0 0 0 0 0 0 0 
0 0 0 0 0 0 0 0 
0 0 0 0 0 0 0 0 
0 0 0 0 0 0 0 0 
0 0 0 0 0 0 0 0 
0 0 0 0 0 0 0 0 
0 0 0 0 0 0 0 0 
0 0 0 0 0 0 0 0 
0 0 0 0 0 0 0 0 
0 0 0 0 0 0 0 0 
0 0 0 0 0 0 0 0 
0 0 0 0 0 0 0 0 
0 0 0 0 0 0 0 0 
0 0 0 0 0 0 0 0 
0 0 0 0 0 0 0 0 
0 0 0 0 0 0 0 0 
0 0 0 0 0 0 0 0 
0 0 0 0 0 0 0 0 
0 0 0 0 0 0 0 0 
