1792 212 1763 908 1207 593 1455 1511 
8729 6796 6068 6071 5575 4604 3983 3793 
11427 12369 10303 12223 10912 11380 11245 13595 
15413 16655 14603 14164 16891 16184 13917 15776 
18709 16718 10988 18536 355 18793 18646 12391 
22472 21887 23275 19677 4168 22141 21790 19749 
24345 24504 24461 24176 24326 24381 24364 5559 
24909 3934 24908 24916 24910 24914 24913 24910 
26131 25332 26531 26179 25102 25435 26981 25893 
27507 27316 27131 27233 27186 27142 27232 27507 
28971 32138 27692 30011 29674 29515 28791 31163 
33268 38016 37314 8594 38198 37940 38530 37496 
43495 43528 42642 43711 44462 43462 43740 42427 
44665 9089 39778 44686 40635 7585 9334 23000 
44841 45099 44751 45694 44841 44775 45513 45595 
48695 50853 47795 48556 37280 9150 50777 47650 
47111 51883 3494 33286 3101 51777 55404 12142 
4820 60571 6394 60411 5788 48991 4886 48818 
5259 60231 61394 61013 38944 4322 50398 60770 
62648 4494 28479 5579 6250 14704 11957 5583 
65663 68670 66815 37866 3799 69268 23473 5925 
72167 49046 70528 71176 70666 72139 70555 9004 
74172 62144 74191 74462 74648 74245 60960 43760 
35015 57073 75254 35142 10352 80158 77363 55252 
15791 86539 86012 12534 82298 6972 42798 84436 
30559 8773 88459 20943 88537 88425 50914 27259 
59183 89546 89566 89648 2612 16263 5108 89242 
31631 93441 31628 93379 93494 93110 8726 89756 
49095 97558 78337 23214 4181 94895 48911 5669 
81990 5806 17142 33972 99926 98622 39196 65180 
36805 11329 106045 103652 101036 58837 74982 101524 
110114 109406 9569 109402 109919 59508 109586 109782 
112843 111805 112264 14368 110556 111297 15484 111017 
10084 113996 99575 37377 99027 115044 36482 114441 
116102 115732 24807 115914 116324 116381 117720 117040 
118439 14624 117914 43521 118513 47231 62451 117862 
15663 119178 7916 119686 5062 119143 74703 118784 
120868 120377 43798 47370 120059 120002 121168 120478 
122650 4318 7498 59183 122525 2950 13628 13097 
2896 123076 4105 14111 123145 8083 20681 123359 
26718 124789 71786 28179 61715 44976 124657 124998 
3666 128845 23000 79243 129014 128720 128732 128753 
16896 41390 28136 28325 23211 130121 7452 12342 
28531 109922 47666 131896 26186 132154 47666 35789 
132500 118532 21498 67053 132470 51555 24823 132464 
132636 132577 132637 44347 132716 132716 60508 133073 
133619 40109 133609 133805 21711 114416 4770 24386 
7911 134383 5762 4209 112561 9997 4203 42265 
3164 134515 81467 2931 79014 96677 134459 4856 
135387 13756 135154 134772 71411 79811 15155 63040 
4710 7601 8175 136384 118435 4555 4929 14854 
139495 141061 136735 140874 10440 137324 131578 138507 
141971 144989 145478 39741 15337 146181 142436 55119 
65243 25690 30565 83318 147085 130049 65454 4162 
148874 5290 44805 83487 148710 124536 12003 129863 
112492 149312 122510 4730 124694 140555 15010 149742 
4082 61650 136741 5531 85593 2269 6937 8774 
2560 29340 152011 52490 42451 39269 42454 53147 
153003 108989 79697 58733 28108 79739 154085 18255 
2123 108768 64194 159211 130148 7117 159566 159838 
127167 160283 127167 160282 42267 127167 42267 25486 
16697 161371 161541 8376 160880 1189 37777 9511 
88352 140531 26089 8166 162420 43968 162424 161719 
54939 56925 163790 163920 7846 43603 163319 141129 
2395 28193 165406 165245 165154 4296 165191 134621 
112581 166141 166079 165937 53264 166203 166162 166247 
167526 168225 167416 167431 168774 167051 166386 47110 
4923 89678 34031 169561 51220 169922 10807 169625 
178170 90062 7998 178166 177978 4190 91077 4546 
80535 179028 62745 9736 98429 4169 4761 62783 
179504 179433 40027 4281 66277 42984 5746 179418 
180787 179781 180891 181317 179759 181163 180628 60582 
43381 182053 182250 44731 22618 182192 182169 181751 
183799 60523 188120 42445 18509 154052 106268 114738 
115255 2807 152414 108219 189718 3189 189969 148120 
3522 12116 10670 94989 191731 78441 190950 191344 
136073 193014 2111 4889 43178 142464 4537 87600 
15184 97989 193111 1333 129354 1189 20352 169559 
192502 194544 7796 196438 95754 195875 174428 196270 
34440 196653 196753 196722 38941 196727 196646 196624 
196926 295 5808 165220 77810 35253 14390 82568 
36803 3494 197233 81466 165510 52999 5819 34227 
33330 131636 197995 25872 198090 17751 198094 59373 
10641 34766 199398 45712 45710 45711 8045 59306 
199776 23899 63641 200288 200148 200016 200214 65555 
34065 96355 14399 191455 4458 99230 200758 33772 
81720 202076 10811 11386 201551 8917 59400 8135 
202517 3053 126666 202509 6254 161024 202488 4772 
3188 1651 18169 203657 8110 57928 4454 79385 
204556 16174 14953 43718 186919 38271 204808 204833 
207098 207360 182425 207621 22963 205321 356 207446 
208581 45412 208631 209159 119530 208541 208425 6860 
14172 2901 25771 1800 6972 10650 50195 4929 
27422 81720 146510 209904 12216 106769 209851 10647 
62792 8415 212910 212848 74827 86334 72069 29845 
7759 213580 131719 20801 54445 74800 50912 5559 
9587 53506 46824 148799 23614 219474 218347 43082 
8231 3491 3491 225478 59237 9237 189361 183418 
123018 17101 62559 6607 123016 179182 3598 8225 
114566 14957 76358 225684 44722 102937 142670 98740 
200 200 200 200 200 200 200 200 
200 200 200 200 200 200 200 200 
200 200 200 200 200 200 200 200 
200 200 200 200 200 200 200 200 
200 200 200 200 200 200 200 200 
200 200 200 200 200 200 200 200 
200 200 200 200 200 200 200 200 
200 200 200 200 200 200 200 200 
200 200 200 200 200 200 200 200 
200 200 200 200 200 200 200 200 
200 200 200 200 200 200 200 200 
200 200 200 200 200 200 200 200 
200 200 200 200 200 200 200 200 
200 200 200 200 200 200 200 200 
200 200 200 200 200 200 200 200 
200 200 200 200 200 200 200 200 
200 200 200 200 200 200 200 200 
200 200 200 200 200 200 200 200 
200 200 200 200 200 200 200 200 
200 200 200 200 200 200 200 200 
200 200 200 200 200 200 200 200 
200 200 200 200 200 200 200 200 
200 200 200 200 200 200 200 200 
200 200 200 200 200 200 200 200 
200 200 200 200 200 200 200 200 
200 200 200 200 200 200 200 200 
200 200 200 200 200 200 200 200 
200 200 200 200 200 200 200 200 
200 200 200 200 200 200 200 200 
200 200 200 200 200 200 200 200 
200 200 200 200 200 200 200 200 
200 200 200 200 200 200 200 200 
200 200 200 200 200 200 200 200 
200 200 200 200 200 200 200 200 
200 200 200 200 200 200 200 200 
200 200 200 200 200 200 200 200 
200 200 200 200 200 200 200 200 
200 200 200 200 200 200 200 200 
200 200 200 200 200 200 200 200 
200 200 200 200 200 200 200 200 
200 200 200 200 200 200 200 200 
200 200 200 200 200 200 200 200 
200 200 200 200 200 200 200 200 
200 200 200 200 200 200 200 200 
200 200 200 200 200 200 200 200 
200 200 200 200 200 200 200 200 
200 200 200 200 200 200 200 200 
200 200 200 200 200 200 200 200 
200 200 200 200 200 200 200 200 
200 200 200 200 200 200 200 200 
200 200 200 200 200 200 200 200 
200 200 200 200 200 200 200 200 
200 200 200 200 200 200 200 200 
200 200 200 200 200 200 200 200 
200 200 200 200 200 200 200 200 
200 200 200 200 200 200 200 200 
200 200 200 200 200 200 200 200 
200 200 200 200 200 200 200 200 
200 200 200 200 200 200 200 200 
200 200 200 200 200 200 200 200 
200 200 200 200 200 200 200 200 
200 200 200 200 200 200 200 200 
200 200 200 200 200 200 200 200 
200 200 200 200 200 200 200 200 
200 200 200 200 200 200 200 200 
200 200 200 200 200 200 200 200 
200 200 200 200 200 200 200 200 
200 200 200 200 200 200 200 200 
200 200 200 200 200 200 200 200 
200 200 200 200 200 200 200 200 
200 200 200 200 200 200 200 200 
200 200 200 200 200 200 200 200 
200 200 200 200 200 200 200 200 
200 200 200 200 200 200 200 200 
200 200 200 200 200 200 200 200 
200 200 200 200 200 200 200 200 
200 200 200 200 200 200 200 200 
200 200 200 200 200 200 200 200 
200 200 200 200 200 200 200 200 
200 200 200 200 200 200 200 200 
200 200 200 200 200 200 200 200 
200 200 200 200 200 200 200 200 
200 200 200 200 200 200 200 200 
200 200 200 200 200 200 200 200 
200 200 200 200 200 200 200 200 
200 200 200 200 200 200 200 200 
200 200 200 200 200 200 200 200 
200 200 200 200 200 200 200 200 
200 200 200 200 200 200 200 200 
200 200 200 200 200 200 200 200 
200 200 200 200 200 200 200 200 
200 200 200 200 200 200 200 200 
200 200 200 200 200 200 200 200 
200 200 200 200 200 200 200 200 
200 200 200 200 200 200 200 200 
200 200 200 200 200 200 200 200 
200 200 200 200 200 200 200 200 
200 200 200 200 200 200 200 200 
200 200 200 200 200 200 200 200 
200 200 200 200 200 200 200 200 
