370 132194 4293 855 2225 131471 2314 1768 
28869 15314 8482 3658 157814 38585 14253 6364 
119681 13438 13050 7913 12499 9272 118773 22654 
1094 14729 15539 16661 7157 713 5374 16571 
1860 18631 132412 149627 4845 45205 27574 132459 
4169 1108 9969 79219 22633 22635 5791 20155 
24281 2210 216669 4167 48465 338 154213 216566 
2728 25049 24910 24912 24873 24913 24916 24907 
100243 25137 26119 18905 110715 25226 78947 13541 
27185 27569 27131 27596 12662 27161 27400 27120 
64393 51377 52686 51559 55425 31750 25513 12052 
135320 34752 40061 35622 50517 39694 64135 136485 
25091 16131 202396 43705 28696 84321 83983 18112 
203970 35237 34295 38000 18495 2895 47757 13901 
45098 43501 44894 45809 26208 45497 45630 45319 
48453 2220 49919 74154 4494 6909 48545 1249 
17635 50065 212326 146600 51788 56395 161118 11727 
60362 1094 20199 60414 610 66728 37938 5481 
61235 4551 17817 57737 50070 8793 47779 149199 
97748 62609 370 13628 96849 60744 58239 7238 
108008 32821 55979 30555 146684 11106 63728 66157 
72462 16751 36103 41380 34857 205031 70638 41565 
13902 43339 112578 27569 19191 74190 53679 26604 
93945 37271 23131 11944 8931 79848 37451 36529 
31699 87090 84028 80324 6200 83844 4841 83078 
27558 5254 88326 19981 26400 23384 25402 260 
89529 128876 89444 128327 198889 24210 18556 19171 
91790 1115 1555 108773 2184 44982 1006 3033 
1781 43874 95758 146995 8793 148254 146844 77183 
69076 68260 64029 130686 66046 46481 53428 34824 
13554 35596 59300 106290 18662 35664 37775 57126 
109359 202054 103770 45897 136991 109425 109404 12689 
112787 112126 113456 111022 112027 110451 110888 111839 
40549 37726 33309 40407 49046 4618 33264 53139 
115434 115610 41773 116508 87799 729 2111 116954 
25642 168594 35183 12935 118086 370 123383 75464 
4295 105792 165316 4700 5557 118724 74985 119109 
121694 120476 149173 121041 120735 120092 126042 5394 
14905 50070 8920 5271 83107 50420 89240 27911 
8218 20022 73112 8070 16337 124081 72553 123097 
127423 46617 178334 24782 9240 126733 6714 45129 
116878 149537 2284 6817 128622 14953 36047 36802 
64936 14535 7934 32633 29337 67299 81882 41369 
28620 89301 53934 33512 131652 109767 2526 11339 
132500 60271 119109 704 5607 24908 132477 132421 
44526 133217 44463 132552 1124 25456 111328 14265 
10120 60728 603 133907 147946 96510 181312 146676 
5762 77370 48352 23130 17290 39518 57073 42906 
488 2091 1713 1453 84405 845 548 1045 
9144 135197 4316 15678 135699 38955 42223 17738 
107627 135698 84611 9500 5580 119013 190394 6713 
138287 137940 137902 137364 136747 12052 140959 139142 
93604 170890 171626 144717 169276 12095 144035 141920 
147941 79339 147896 137214 62911 146643 148229 95503 
216695 862 187388 18146 60001 18525 211887 182755 
141541 1016 111067 151474 124901 122462 111113 122460 
2783 222207 4090 39241 74616 5484 7803 6626 
51180 8347 60077 33222 66366 79399 60231 111228 
864 162075 6080 1512 214170 55780 5395 52224 
155209 154741 105788 67770 64122 133211 146784 39441 
49753 55819 44899 7656 218273 126775 45124 165967 
60703 60877 4294 88775 7142 60318 153753 5969 
8853 169251 4838 9070 171543 88565 2959 161827 
163060 5604 211265 9729 111353 9874 131508 212415 
56196 3292 9040 165624 6427 116075 16449 165528 
909 269 111943 165948 134917 166047 836 1088 
119695 167805 81299 166621 2750 166874 166370 1926 
43194 184084 16950 14196 76169 165447 169642 126916 
47416 9969 90131 90513 178576 30411 48524 32267 
152359 5587 5597 50215 200514 4163 179034 5832 
69338 222078 66155 3782 4276 157043 179457 225101 
180313 179670 180270 30188 3447 2745 180534 2436 
181960 97225 138300 18360 51245 43989 202317 19142 
1123 10593 107627 4542 1245 20213 1061 11716 
60443 43578 38953 133787 190146 154258 44998 2588 
61607 191537 51586 192208 192275 188274 192061 113943 
87697 18664 43179 33922 192950 6320 205977 193004 
60769 194115 18114 9095 97750 15870 209650 87286 
196406 180189 2282 74992 170491 1189 63397 171847 
34008 36268 1239 196705 33781 196641 146416 34440 
35253 53207 101967 136650 50899 8095 82006 9574 
11335 52761 67424 44219 123748 182794 74161 12935 
109849 39435 25371 80006 1804 1308 31694 197738 
173330 42143 394 198936 15341 199189 200869 21953 
199639 199475 48440 200019 61200 10632 65234 210832 
39212 165345 4454 114334 201035 10652 15323 14928 
25481 201659 61113 15285 220492 17282 7756 37712 
7891 134913 8010 50194 8071 28136 9565 2166 
160620 13578 141137 98470 9334 97772 202919 197074 
6707 205163 184789 8064 450 34731 184855 1237 
207211 185498 207480 12253 77751 205358 154367 208021 
686 19086 36142 180988 212874 212655 7935 5691 
86213 220291 85792 10154 36514 104092 14838 2620 
209983 47944 125903 221542 27399 33853 8590 17406 
211190 211715 81185 35944 385 5825 213600 70512 
14105 3442 56466 162971 55544 48729 132389 83182 
2038 218145 38956 42650 86175 219076 221526 60158 
111246 3795 50838 173013 2866 1123 111820 544 
72467 8219 6305 62559 8225 71736 8218 14971 
8168 8779 37693 6170 1500 183310 498 225600 
1804 1899 863 1359 412 2237 2344 2161 
1915 2254 1923 1292 427 685 2219 529 
367 2414 2218 2284 1259 209 271 1354 
2385 2165 2212 486 1029 1699 217 806 
1318 912 646 1712 1254 1090 478 646 
682 1095 422 612 668 910 1512 2117 
1929 1541 1307 545 303 803 1702 1138 
673 1019 808 669 1360 1029 854 1106 
384 2292 988 2165 1125 998 217 2176 
2453 1286 1034 316 1968 556 1530 674 
301 1484 871 1662 1074 837 1129 1270 
2221 805 1066 2153 421 1513 1930 2254 
1353 1924 672 1302 1059 1998 427 982 
1343 1710 200 1069 2175 709 317 286 
1992 210 709 1660 2165 1057 693 1784 
1354 250 284 2124 1733 1523 1245 978 
987 1278 1358 1877 295 685 1138 1663 
1986 1244 1595 1072 390 1479 962 501 
1737 2149 340 1269 289 1481 1412 911 
2117 401 1512 1977 305 1095 2285 841 
1806 1206 457 1068 1117 1664 1231 2112 
1415 287 2218 1857 2340 504 612 1672 
582 298 841 563 1008 660 1201 915 
615 2112 2126 1850 1243 2082 1607 470 
647 1645 2215 589 615 368 2122 2282 
1503 1241 623 507 478 2344 854 459 
1534 2393 1074 999 1153 2123 1497 1502 
400 1813 469 615 1743 387 1286 2182 
639 563 2117 2213 413 2336 1868 906 
468 852 1296 220 1480 339 2288 2229 
648 1415 595 336 915 914 424 365 
563 2221 1550 2436 1068 1077 635 1930 
2287 988 398 937 1499 2356 1058 1550 
2123 982 2474 1011 512 1747 1955 1115 
209 817 200 1437 1360 211 1054 484 
666 800 1546 688 2159 2405 1533 1093 
841 466 627 1978 1894 1894 1922 1598 
1927 1058 841 517 458 470 1982 2244 
2212 1892 1138 855 1867 1433 845 2175 
551 1008 1007 1243 1287 202 1077 812 
999 975 2314 1657 1023 1881 767 1919 
894 1663 202 224 212 1108 1342 2205 
646 1024 1058 499 2399 1861 2127 2452 
1275 1033 593 2340 2117 271 1933 1554 
393 1243 242 639 295 490 707 2523 
2282 810 1640 727 725 212 674 1286 
2167 1300 1592 2198 1126 475 387 1354 
1034 2339 593 1489 1921 2243 1493 621 
1530 942 1283 2028 1524 561 200 711 
508 940 844 337 1094 479 1108 1535 
280 271 938 2309 1976 489 648 1157 
2117 1006 2394 944 505 1517 2121 341 
668 674 1023 984 653 1320 205 368 
790 941 639 204 2019 238 1416 942 
805 1438 2035 1463 2041 1523 203 1447 
547 965 2259 1287 392 1004 868 1090 
2403 1258 563 1776 1423 292 2136 1306 
1452 339 2330 511 1518 407 1268 1006 
980 1789 674 925 1007 1481 657 641 
1367 671 1592 1608 1535 1451 1002 714 
840 1164 638 1578 1432 880 2393 829 
1254 1379 1496 1089 2282 914 668 374 
638 1138 1123 251 706 1804 2217 801 
2122 1009 610 1199 1868 985 824 666 
2093 235 226 606 1354 563 2219 1174 
607 404 1832 981 1413 381 663 1284 
2331 1078 1597 201 1898 1517 1304 1068 
1090 929 827 708 212 944 2127 316 
204 483 833 269 2263 367 301 1707 
1284 1836 334 1877 671 656 1374 368 
1077 1942 1663 639 2121 618 1318 2134 
1524 1112 1749 2293 566 985 633 2216 
842 567 1086 472 557 637 1286 593 
529 336 1733 2117 805 1187 2118 2133 
804 1215 1061 2281 1478 928 1127 1073 
564 2025 2469 2246 731 1305 828 488 
636 615 1344 219 1503 620 1559 466 
2024 2208 2027 2123 1212 621 1521 1508 
568 695 503 985 694 1498 1499 613 
830 984 1411 210 2122 2193 1796 692 
1502 842 1103 563 2339 2246 374 404 
716 216 261 1687 1303 571 2117 2461 
1952 1970 1703 1308 506 1739 2014 563 
900 941 1693 862 1782 824 2123 1206 
970 961 566 225 942 704 871 311 
1592 942 2123 205 660 1935 2297 607 
284 425 759 2117 294 1868 2517 389 
1671 744 1673 940 2147 704 1193 2131 
626 1519 2282 214 2282 340 1086 1792 
200 911 1258 710 2219 2217 1533 708 
335 1595 1809 607 606 674 704 1360 
829 1667 1881 2428 404 860 412 685 
1700 285 2064 1062 336 1094 835 499 
1291 1775 1276 1243 616 1077 618 1802 
904 479 1711 1488 299 1076 1595 604 
1393 2092 819 636 343 1510 493 691 
488 1866 637 486 1287 373 411 2121 
2383 2130 612 638 980 1371 627 994 
1321 1183 280 1086 669 1024 606 669 
1021 690 639 1360 801 639 612 1207 
